arc 0 1 ( 0.692909649383465  0.2870125742738173 -0.005)
arc 1 2 ( 0.2870125742738174  0.692909649383465 -0.005)
arc 2 3 ( -0.2870125742738173  0.692909649383465 -0.005)
arc 3 4 ( -0.692909649383465  0.2870125742738174 -0.005)
arc 4 5 ( -0.692909649383465  -0.28701257427381727 -0.005)
arc 5 6 ( -0.28701257427381777  -0.6929096493834649 -0.005)
arc 6 7 ( 0.2870125742738175  -0.692909649383465 -0.005)
arc 7 0 ( 0.6929096493834649  -0.28701257427381777 -0.005)
arc 8 9 ( 0.9238795325112867  0.3826834323650898 -0.005)
arc 9 10 ( 0.38268343236508984  0.9238795325112867 -0.005)
arc 10 11 ( -0.3826834323650897  0.9238795325112867 -0.005)
arc 11 12 ( -0.9238795325112867  0.38268343236508984 -0.005)
arc 12 13 ( -0.9238795325112867  -0.38268343236508967 -0.005)
arc 13 14 ( -0.38268343236509034  -0.9238795325112865 -0.005)
arc 14 15 ( 0.38268343236509  -0.9238795325112866 -0.005)
arc 15 8 ( 0.9238795325112865  -0.3826834323650904 -0.005)
arc 32 33 ( 0.692909649383465  0.2870125742738173 0.005)
arc 33 34 ( 0.2870125742738174  0.692909649383465 0.005)
arc 34 35 ( -0.2870125742738173  0.692909649383465 0.005)
arc 35 36 ( -0.692909649383465  0.2870125742738174 0.005)
arc 36 37 ( -0.692909649383465  -0.28701257427381727 0.005)
arc 37 38 ( -0.28701257427381777  -0.6929096493834649 0.005)
arc 38 39 ( 0.2870125742738175  -0.692909649383465 0.005)
arc 39 32 ( 0.6929096493834649  -0.28701257427381777 0.005)
arc 40 41 ( 0.9238795325112867  0.3826834323650898 0.005)
arc 41 42 ( 0.38268343236508984  0.9238795325112867 0.005)
arc 42 43 ( -0.3826834323650897  0.9238795325112867 0.005)
arc 43 44 ( -0.9238795325112867  0.38268343236508984 0.005)
arc 44 45 ( -0.9238795325112867  -0.38268343236508967 0.005)
arc 45 46 ( -0.38268343236509034  -0.9238795325112865 0.005)
arc 46 47 ( 0.38268343236509  -0.9238795325112866 0.005)
arc 47 40 ( 0.9238795325112865  -0.3826834323650904 0.005)
