/*--------------------------------*- C++ -*----------------------------------*\
  =========                 |
  \\      /  F ield         | OpenFOAM: The Open Source CFD Toolbox
   \\    /   O peration     | Website:  https://openfoam.org
    \\  /    A nd           | Version:  7
     \\/     M anipulation  |
\*---------------------------------------------------------------------------*/
FoamFile
{
    version     2.0;
    format      ascii;
    class       volScalarField;
    location    "10";
    object      p;
}
// * * * * * * * * * * * * * * * * * * * * * * * * * * * * * * * * * * * * * //

dimensions      [0 2 -2 0 0 0 0];

internalField   nonuniform List<scalar> 
8500
(
-0.309085
-0.311806
-0.313125
-0.314341
-0.315637
-0.317125
-0.318918
-0.321119
-0.323817
-0.327226
-0.309402
-0.312062
-0.313356
-0.314552
-0.31583
-0.3173
-0.319072
-0.321248
-0.323909
-0.327251
-0.310024
-0.312565
-0.313809
-0.314965
-0.316206
-0.317638
-0.319365
-0.321491
-0.324078
-0.32728
-0.310926
-0.313296
-0.314467
-0.315562
-0.316744
-0.318115
-0.319771
-0.321816
-0.324295
-0.327273
-0.312073
-0.31423
-0.315305
-0.316316
-0.317417
-0.3187
-0.320254
-0.322183
-0.324521
-0.327178
-0.313425
-0.315338
-0.316295
-0.317199
-0.318191
-0.319358
-0.320774
-0.322545
-0.324716
-0.326929
-0.314939
-0.316587
-0.317407
-0.31818
-0.319034
-0.320051
-0.32129
-0.322853
-0.324845
-0.326449
-0.316572
-0.317946
-0.318612
-0.31923
-0.319915
-0.320746
-0.321767
-0.323066
-0.324883
-0.325624
-0.318285
-0.319389
-0.319887
-0.320325
-0.320809
-0.321417
-0.322178
-0.323152
-0.324818
-0.324391
-0.320049
-0.320894
-0.321211
-0.321445
-0.321697
-0.322047
-0.322513
-0.323092
-0.32456
-0.323315
-0.321841
-0.322447
-0.322573
-0.32258
-0.322571
-0.322631
-0.322776
-0.322956
-0.324028
-0.32195
-0.323653
-0.324042
-0.323967
-0.323727
-0.32343
-0.323175
-0.322964
-0.322748
-0.32344
-0.320199
-0.325488
-0.325684
-0.325398
-0.324892
-0.324285
-0.323695
-0.32312
-0.322484
-0.322877
-0.318136
-0.327364
-0.327385
-0.326877
-0.326084
-0.325153
-0.324217
-0.323276
-0.322227
-0.322384
-0.315859
-0.329309
-0.329168
-0.328422
-0.327328
-0.326056
-0.324767
-0.323466
-0.322043
-0.321988
-0.313528
-0.331364
-0.331058
-0.330062
-0.328648
-0.32702
-0.325375
-0.323718
-0.321994
-0.321645
-0.311372
-0.333579
-0.333092
-0.33183
-0.330074
-0.328078
-0.326071
-0.324053
-0.322136
-0.321211
-0.309603
-0.336009
-0.335316
-0.333761
-0.331642
-0.329263
-0.326888
-0.324492
-0.322519
-0.320456
-0.308281
-0.338717
-0.337775
-0.335896
-0.333391
-0.330614
-0.327862
-0.325066
-0.323174
-0.319301
-0.30802
-0.341772
-0.340513
-0.338279
-0.335362
-0.332169
-0.329028
-0.325815
-0.324012
-0.318157
-0.31197
-0.345233
-0.343582
-0.340955
-0.337599
-0.33397
-0.330422
-0.326776
-0.324779
-0.317603
-0.322766
-0.349153
-0.347037
-0.343968
-0.340145
-0.336058
-0.332075
-0.327978
-0.325372
-0.31787
-0.321382
-0.353593
-0.350919
-0.347363
-0.343042
-0.338475
-0.334015
-0.32942
-0.3259
-0.31822
-0.31834
-0.358605
-0.355272
-0.351182
-0.346334
-0.341258
-0.336263
-0.331075
-0.326483
-0.318363
-0.315426
-0.364234
-0.360138
-0.35547
-0.350062
-0.344438
-0.338831
-0.332915
-0.327115
-0.318237
-0.312457
-0.370517
-0.365556
-0.360267
-0.354265
-0.348037
-0.341716
-0.334907
-0.327742
-0.317767
-0.309512
-0.377484
-0.37156
-0.365613
-0.358977
-0.352069
-0.344902
-0.337003
-0.328283
-0.316928
-0.306491
-0.385156
-0.378178
-0.37154
-0.364222
-0.356528
-0.348351
-0.339124
-0.328644
-0.315703
-0.303323
-0.39354
-0.385431
-0.378074
-0.370008
-0.361394
-0.351997
-0.341168
-0.328732
-0.314078
-0.299934
-0.402628
-0.393324
-0.385221
-0.37632
-0.366619
-0.355742
-0.343018
-0.328464
-0.312038
-0.296266
-0.412391
-0.401846
-0.392965
-0.383118
-0.372117
-0.359451
-0.344551
-0.327764
-0.309562
-0.292268
-0.422774
-0.410961
-0.401261
-0.390325
-0.377764
-0.362967
-0.345649
-0.326568
-0.306624
-0.287892
-0.433691
-0.420605
-0.410028
-0.397829
-0.38339
-0.366121
-0.346201
-0.324815
-0.303191
-0.283095
-0.445023
-0.430676
-0.419148
-0.405468
-0.388793
-0.368741
-0.3461
-0.322446
-0.299222
-0.27783
-0.456613
-0.441035
-0.428459
-0.413039
-0.393748
-0.370661
-0.345248
-0.319401
-0.294671
-0.272053
-0.468267
-0.451502
-0.437758
-0.420292
-0.398022
-0.371722
-0.343551
-0.315619
-0.289487
-0.265716
-0.47975
-0.461859
-0.446801
-0.426951
-0.401383
-0.371775
-0.340919
-0.311037
-0.283616
-0.258773
-0.490794
-0.471847
-0.455302
-0.43272
-0.403607
-0.370682
-0.337264
-0.305589
-0.277001
-0.251183
-0.5011
-0.481175
-0.462947
-0.4373
-0.404487
-0.368313
-0.332501
-0.299211
-0.269587
-0.242904
-0.510342
-0.489528
-0.4694
-0.440403
-0.403831
-0.364551
-0.326552
-0.291838
-0.26132
-0.233902
-0.518182
-0.496568
-0.474317
-0.441755
-0.401465
-0.359289
-0.31934
-0.283411
-0.252152
-0.224145
-0.524272
-0.50195
-0.477364
-0.441112
-0.39724
-0.352432
-0.310798
-0.273874
-0.242042
-0.213613
-0.528268
-0.50533
-0.478225
-0.438255
-0.391027
-0.343897
-0.300861
-0.263173
-0.230955
-0.202298
-0.52984
-0.506374
-0.476616
-0.433002
-0.38272
-0.333617
-0.289475
-0.25126
-0.218853
-0.190181
-0.528681
-0.504773
-0.472291
-0.425206
-0.372238
-0.32154
-0.276603
-0.238098
-0.205689
-0.177165
-0.524516
-0.500249
-0.465052
-0.41476
-0.359527
-0.307633
-0.262222
-0.223677
-0.191428
-0.163042
-0.517109
-0.492569
-0.454747
-0.401591
-0.344556
-0.291878
-0.24632
-0.208003
-0.176108
-0.147678
-0.506271
-0.481552
-0.44127
-0.385667
-0.32732
-0.274274
-0.228886
-0.191061
-0.159814
-0.131401
-0.491865
-0.467072
-0.424565
-0.36699
-0.307838
-0.254834
-0.209933
-0.172854
-0.14242
-0.114691
-0.473805
-0.449058
-0.404621
-0.345596
-0.286154
-0.233598
-0.189541
-0.153594
-0.123878
-0.0973757
-0.452065
-0.427497
-0.381479
-0.321562
-0.262332
-0.210642
-0.167824
-0.133142
-0.104409
-0.079362
-0.426671
-0.402433
-0.355237
-0.294998
-0.236455
-0.186081
-0.144767
-0.111579
-0.0840958
-0.0606657
-0.397702
-0.373974
-0.32606
-0.266003
-0.20864
-0.159964
-0.120461
-0.0889961
-0.0630001
-0.0413621
-0.365295
-0.342296
-0.294137
-0.234594
-0.179041
-0.13242
-0.0950089
-0.0654882
-0.041192
-0.0215444
-0.329643
-0.307633
-0.259499
-0.201055
-0.147782
-0.103583
-0.0685319
-0.0411542
-0.0187446
-0.00128874
-0.290966
-0.270219
-0.222001
-0.165864
-0.115087
-0.0736065
-0.041159
-0.0160917
0.00427436
0.0193255
-0.249476
-0.230097
-0.182499
-0.12902
-0.0811497
-0.042658
-0.0130219
0.00960927
0.0277617
0.0400446
-0.205455
-0.187498
-0.141489
-0.0907803
-0.0461657
-0.0109104
0.0157555
0.0358602
0.051487
0.0602756
-0.159361
-0.142901
-0.0990558
-0.0514201
-0.0103489
0.0214604
0.045049
0.0625311
0.0751036
0.0795113
-0.111533
-0.0966917
-0.0554262
-0.011213
0.0260711
0.0542702
0.0746948
0.0893623
0.098344
0.0986795
-0.0623128
-0.0492902
-0.0109119
0.0295644
0.0628591
0.0873219
0.104465
0.115972
0.120972
0.121682
-0.0121103
-0.00109035
0.0341445
0.0706278
0.0997763
0.120404
0.134121
0.142268
0.144109
0.144836
0.0386507
0.0475168
0.079391
0.111687
0.136578
0.153301
0.163496
0.168305
0.167436
0.166968
0.089543
0.0961363
0.124475
0.152448
0.173017
0.185797
0.192432
0.193984
0.19059
0.188324
0.140138
0.144372
0.169046
0.192617
0.208845
0.21768
0.220766
0.219144
0.213255
0.208857
0.190011
0.191829
0.21276
0.231906
0.243816
0.248744
0.24833
0.243617
0.23525
0.228563
0.238741
0.23812
0.255279
0.270029
0.27769
0.278787
0.274953
0.267238
0.256423
0.24738
0.285921
0.282869
0.296278
0.306712
0.310234
0.307612
0.300466
0.289853
0.276648
0.265239
0.331154
0.325712
0.335444
0.34169
0.341223
0.335027
0.324704
0.311319
0.295805
0.282063
0.374064
0.366302
0.372477
0.374711
0.370445
0.36085
0.347513
0.331502
0.313785
0.297776
0.414293
0.404313
0.407096
0.405536
0.397697
0.384911
0.368745
0.350276
0.330483
0.312306
0.451507
0.439439
0.439041
0.433945
0.42279
0.407048
0.388264
0.367524
0.345803
0.325583
0.485399
0.4714
0.468068
0.459734
0.445552
0.427113
0.405946
0.383139
0.359655
0.337545
0.515688
0.499942
0.493961
0.482717
0.465825
0.444974
0.421674
0.397023
0.371957
0.348136
0.542127
0.524838
0.516525
0.50273
0.483468
0.460511
0.43535
0.40909
0.382639
0.357306
0.564497
0.545891
0.535592
0.519631
0.498361
0.47362
0.446883
0.419263
0.391638
0.365012
0.582617
0.562936
0.551018
0.533298
0.510401
0.484213
0.456201
0.427479
0.398901
0.371219
0.596337
0.575838
0.562689
0.543634
0.519504
0.492221
0.463242
0.433687
0.404386
0.375899
0.605547
0.584496
0.570519
0.550566
0.525607
0.497589
0.467961
0.437848
0.40806
0.379031
0.61017
0.588842
0.574448
0.554045
0.52867
0.500282
0.470329
0.439934
0.409902
0.3806
0.61017
0.588842
0.574448
0.554045
0.52867
0.500282
0.470329
0.439934
0.409902
0.3806
0.605547
0.584496
0.570519
0.550566
0.525607
0.497589
0.467961
0.437848
0.40806
0.379031
0.596337
0.575838
0.562689
0.543634
0.519504
0.492221
0.463242
0.433687
0.404386
0.375899
0.582617
0.562936
0.551018
0.533298
0.510401
0.484213
0.456201
0.427479
0.398901
0.371219
0.564497
0.545891
0.535592
0.519631
0.498361
0.47362
0.446883
0.419263
0.391638
0.365012
0.542127
0.524838
0.516525
0.50273
0.483468
0.460511
0.43535
0.40909
0.382639
0.357306
0.515688
0.499942
0.493961
0.482717
0.465825
0.444974
0.421674
0.397023
0.371957
0.348136
0.485399
0.4714
0.468068
0.459734
0.445552
0.427113
0.405946
0.383139
0.359654
0.337545
0.451507
0.439439
0.43904
0.433945
0.42279
0.407048
0.388264
0.367524
0.345803
0.325583
0.414293
0.404313
0.407096
0.405536
0.397697
0.384911
0.368745
0.350276
0.330483
0.312306
0.374064
0.366302
0.372477
0.374711
0.370445
0.36085
0.347513
0.331502
0.313785
0.297776
0.331154
0.325711
0.335444
0.34169
0.341223
0.335027
0.324704
0.311319
0.295805
0.282063
0.285921
0.282869
0.296278
0.306712
0.310234
0.307612
0.300466
0.289853
0.276648
0.265239
0.238741
0.23812
0.255279
0.270029
0.277689
0.278787
0.274953
0.267238
0.256423
0.24738
0.190011
0.191829
0.212759
0.231906
0.243816
0.248744
0.24833
0.243617
0.23525
0.228563
0.140138
0.144371
0.169046
0.192617
0.208845
0.21768
0.220766
0.219144
0.213255
0.208857
0.0895429
0.0961362
0.124475
0.152448
0.173017
0.185797
0.192432
0.193984
0.19059
0.188323
0.0386506
0.0475167
0.0793909
0.111687
0.136578
0.153301
0.163496
0.168305
0.167436
0.166968
-0.0121104
-0.00109044
0.0341444
0.0706277
0.0997762
0.120404
0.134121
0.142268
0.144109
0.144836
-0.0623129
-0.0492903
-0.010912
0.0295643
0.062859
0.0873218
0.104465
0.115972
0.120972
0.121682
-0.111534
-0.0966918
-0.0554263
-0.011213
0.0260711
0.0542702
0.0746948
0.0893622
0.098344
0.0986795
-0.159361
-0.142901
-0.0990558
-0.0514201
-0.0103489
0.0214603
0.045049
0.0625311
0.0751035
0.0795113
-0.205455
-0.187498
-0.141489
-0.0907804
-0.0461657
-0.0109105
0.0157554
0.0358602
0.0514869
0.0602756
-0.249476
-0.230097
-0.182499
-0.129021
-0.0811498
-0.042658
-0.0130219
0.00960923
0.0277617
0.0400446
-0.290966
-0.270219
-0.222001
-0.165864
-0.115087
-0.0736066
-0.0411591
-0.0160918
0.00427432
0.0193255
-0.329643
-0.307633
-0.259499
-0.201055
-0.147782
-0.103583
-0.068532
-0.0411543
-0.0187446
-0.00128878
-0.365295
-0.342296
-0.294137
-0.234594
-0.179042
-0.13242
-0.095009
-0.0654883
-0.0411921
-0.0215444
-0.397702
-0.373974
-0.32606
-0.266003
-0.20864
-0.159964
-0.120461
-0.0889961
-0.0630002
-0.0413621
-0.426671
-0.402434
-0.355237
-0.294998
-0.236455
-0.186081
-0.144767
-0.111579
-0.0840959
-0.0606657
-0.452065
-0.427497
-0.381479
-0.321562
-0.262332
-0.210642
-0.167824
-0.133142
-0.104409
-0.079362
-0.473805
-0.449058
-0.404621
-0.345596
-0.286154
-0.233598
-0.189541
-0.153594
-0.123878
-0.0973757
-0.491865
-0.467072
-0.424565
-0.36699
-0.307838
-0.254834
-0.209933
-0.172854
-0.14242
-0.114691
-0.506271
-0.481552
-0.441271
-0.385667
-0.32732
-0.274274
-0.228886
-0.191061
-0.159814
-0.131401
-0.517109
-0.492569
-0.454747
-0.401591
-0.344556
-0.291879
-0.24632
-0.208003
-0.176108
-0.147678
-0.524516
-0.500249
-0.465052
-0.41476
-0.359527
-0.307633
-0.262222
-0.223677
-0.191428
-0.163042
-0.528681
-0.504773
-0.472291
-0.425207
-0.372238
-0.32154
-0.276603
-0.238098
-0.205689
-0.177165
-0.52984
-0.506374
-0.476616
-0.433002
-0.38272
-0.333617
-0.289475
-0.25126
-0.218854
-0.190181
-0.528268
-0.50533
-0.478225
-0.438255
-0.391027
-0.343897
-0.300861
-0.263173
-0.230955
-0.202298
-0.524272
-0.50195
-0.477364
-0.441112
-0.39724
-0.352432
-0.310798
-0.273874
-0.242042
-0.213613
-0.518182
-0.496568
-0.474317
-0.441755
-0.401465
-0.359289
-0.31934
-0.283411
-0.252152
-0.224145
-0.510342
-0.489528
-0.4694
-0.440403
-0.403831
-0.364551
-0.326552
-0.291838
-0.26132
-0.233902
-0.5011
-0.481175
-0.462947
-0.4373
-0.404487
-0.368313
-0.332501
-0.299211
-0.269587
-0.242904
-0.490794
-0.471847
-0.455302
-0.43272
-0.403607
-0.370682
-0.337264
-0.305589
-0.277001
-0.251183
-0.47975
-0.461859
-0.446801
-0.426951
-0.401383
-0.371775
-0.340919
-0.311037
-0.283616
-0.258773
-0.468267
-0.451502
-0.437758
-0.420292
-0.398022
-0.371722
-0.343551
-0.315619
-0.289487
-0.265716
-0.456613
-0.441035
-0.428459
-0.413039
-0.393748
-0.370661
-0.345248
-0.319401
-0.294671
-0.272053
-0.445023
-0.430676
-0.419148
-0.405468
-0.388793
-0.368741
-0.3461
-0.322446
-0.299222
-0.27783
-0.433691
-0.420605
-0.410028
-0.397829
-0.38339
-0.366121
-0.346201
-0.324815
-0.303191
-0.283095
-0.422774
-0.410961
-0.401261
-0.390325
-0.377764
-0.362967
-0.345649
-0.326568
-0.306624
-0.287892
-0.412391
-0.401846
-0.392965
-0.383118
-0.372117
-0.359451
-0.344551
-0.327764
-0.309562
-0.292268
-0.402628
-0.393324
-0.385221
-0.37632
-0.366619
-0.355742
-0.343018
-0.328464
-0.312038
-0.296266
-0.39354
-0.385431
-0.378074
-0.370008
-0.361394
-0.351997
-0.341168
-0.328732
-0.314078
-0.299934
-0.385156
-0.378178
-0.37154
-0.364222
-0.356528
-0.348351
-0.339123
-0.328644
-0.315703
-0.303323
-0.377484
-0.37156
-0.365613
-0.358977
-0.352069
-0.344902
-0.337003
-0.328283
-0.316928
-0.306491
-0.370517
-0.365556
-0.360267
-0.354265
-0.348037
-0.341716
-0.334907
-0.327742
-0.317767
-0.309512
-0.364234
-0.360138
-0.35547
-0.350062
-0.344438
-0.33883
-0.332915
-0.327115
-0.318237
-0.312456
-0.358605
-0.355272
-0.351182
-0.346334
-0.341258
-0.336263
-0.331075
-0.326483
-0.318363
-0.315426
-0.353593
-0.350919
-0.347363
-0.343042
-0.338475
-0.334015
-0.32942
-0.3259
-0.31822
-0.31834
-0.349153
-0.347037
-0.343968
-0.340145
-0.336058
-0.332075
-0.327978
-0.325372
-0.31787
-0.321382
-0.345233
-0.343582
-0.340955
-0.337599
-0.33397
-0.330422
-0.326776
-0.324779
-0.317603
-0.322766
-0.341772
-0.340513
-0.338279
-0.335362
-0.332169
-0.329028
-0.325815
-0.324012
-0.318157
-0.31197
-0.338717
-0.337775
-0.335896
-0.333391
-0.330614
-0.327862
-0.325066
-0.323174
-0.319301
-0.30802
-0.336008
-0.335316
-0.333761
-0.331642
-0.329263
-0.326888
-0.324492
-0.322519
-0.320456
-0.308281
-0.333579
-0.333092
-0.33183
-0.330074
-0.328078
-0.326071
-0.324053
-0.322136
-0.321211
-0.309603
-0.331364
-0.331058
-0.330062
-0.328648
-0.32702
-0.325375
-0.323718
-0.321994
-0.321645
-0.311372
-0.329309
-0.329168
-0.328422
-0.327328
-0.326056
-0.324767
-0.323466
-0.322042
-0.321988
-0.313528
-0.327364
-0.327385
-0.326877
-0.326084
-0.325153
-0.324217
-0.323276
-0.322227
-0.322384
-0.31586
-0.325488
-0.325684
-0.325398
-0.324892
-0.324285
-0.323695
-0.32312
-0.322484
-0.322877
-0.318136
-0.323653
-0.324042
-0.323967
-0.323727
-0.32343
-0.323175
-0.322964
-0.322748
-0.32344
-0.320199
-0.321841
-0.322447
-0.322573
-0.32258
-0.322571
-0.322631
-0.322776
-0.322957
-0.324028
-0.321951
-0.320049
-0.320894
-0.321211
-0.321445
-0.321697
-0.322047
-0.322513
-0.323092
-0.32456
-0.323316
-0.318286
-0.319389
-0.319887
-0.320325
-0.320809
-0.321417
-0.322178
-0.323152
-0.324818
-0.324391
-0.316572
-0.317946
-0.318613
-0.31923
-0.319915
-0.320746
-0.321767
-0.323066
-0.324883
-0.325625
-0.314939
-0.316587
-0.317407
-0.31818
-0.319034
-0.320051
-0.32129
-0.322853
-0.324845
-0.326449
-0.313425
-0.315338
-0.316295
-0.317199
-0.318191
-0.319358
-0.320774
-0.322545
-0.324716
-0.326929
-0.312073
-0.31423
-0.315305
-0.316316
-0.317417
-0.3187
-0.320254
-0.322183
-0.324521
-0.327178
-0.310926
-0.313296
-0.314467
-0.315562
-0.316744
-0.318115
-0.319771
-0.321816
-0.324295
-0.327273
-0.310024
-0.312565
-0.313809
-0.314965
-0.316206
-0.317638
-0.319365
-0.321491
-0.324078
-0.32728
-0.309402
-0.312062
-0.313356
-0.314552
-0.31583
-0.3173
-0.319072
-0.321248
-0.323909
-0.327251
-0.309085
-0.311806
-0.313125
-0.314341
-0.315637
-0.317125
-0.318918
-0.321119
-0.323817
-0.327226
-0.332004
-0.337564
-0.3446
-0.352879
-0.362549
-0.373421
-0.385185
-0.39722
-0.408584
-0.417926
-0.423507
-0.423161
-0.414116
-0.393936
-0.360172
-0.311984
-0.251288
-0.183951
-0.117234
-0.0585469
-0.0121391
0.0206886
0.039965
0.0497165
0.0503588
0.0475653
0.0392549
0.0318906
0.019056
0.0100705
-0.332158
-0.33767
-0.344718
-0.353011
-0.362709
-0.373623
-0.385443
-0.397551
-0.409003
-0.418452
-0.424154
-0.423945
-0.415068
-0.395044
-0.361409
-0.313276
-0.252528
-0.185052
-0.11815
-0.0592885
-0.0127243
0.0202392
0.0396135
0.0494488
0.0501508
0.0474085
0.0391365
0.0318043
0.0190013
0.0100381
-0.332436
-0.337853
-0.344922
-0.353242
-0.362993
-0.373987
-0.385915
-0.398162
-0.409785
-0.419438
-0.425374
-0.425435
-0.416883
-0.397167
-0.36379
-0.315775
-0.254937
-0.187203
-0.11995
-0.0607575
-0.0138868
0.0193413
0.0389095
0.0489115
0.0497335
0.0470938
0.0388997
0.0316314
0.0188923
0.00997356
-0.332786
-0.338061
-0.345156
-0.353511
-0.363333
-0.374437
-0.386515
-0.398956
-0.41082
-0.420764
-0.427037
-0.427485
-0.419397
-0.400135
-0.367145
-0.319326
-0.258389
-0.190313
-0.122586
-0.0629149
-0.0156131
0.0179968
0.037852
0.0481011
0.049105
0.0466193
0.0385441
0.0313717
0.01873
0.00987712
-0.333141
-0.338224
-0.345348
-0.353741
-0.363643
-0.374875
-0.387132
-0.399809
-0.411968
-0.422272
-0.428968
-0.429902
-0.422398
-0.403724
-0.37125
-0.32372
-0.262713
-0.194265
-0.125994
-0.0657048
-0.0178819
0.016211
0.0364408
0.0470146
0.0482634
0.0459831
0.0380697
0.031025
0.0185159
0.00974935
-0.333427
-0.33827
-0.345419
-0.353847
-0.363827
-0.375193
-0.387643
-0.40058
-0.41307
-0.423784
-0.430971
-0.432473
-0.42565
-0.407684
-0.375854
-0.328725
-0.267722
-0.198927
-0.130036
-0.0691016
-0.0206666
0.0139931
0.0346784
0.0456503
0.0472079
0.0451841
0.0374772
0.0305918
0.0182515
0.00959116
-0.333586
-0.33813
-0.345297
-0.353747
-0.363793
-0.375286
-0.387929
-0.401133
-0.413974
-0.425128
-0.432854
-0.434988
-0.428922
-0.411769
-0.380703
-0.334111
-0.27323
-0.204115
-0.13464
-0.0730306
-0.0239357
0.0113575
0.0325713
0.0440099
0.0459398
0.0442226
0.0367679
0.030073
0.0179392
0.0094038
-0.333637
-0.337734
-0.344927
-0.353379
-0.363467
-0.375067
-0.387887
-0.401351
-0.414544
-0.426152
-0.434446
-0.437258
-0.432006
-0.415755
-0.385573
-0.33966
-0.279033
-0.209612
-0.139747
-0.077433
-0.0276522
0.00832489
0.0301313
0.0420991
0.044463
0.0431011
0.0359448
0.0294707
0.0175813
0.00918896
-0.333642
-0.337024
-0.344283
-0.352701
-0.362798
-0.374472
-0.387441
-0.401142
-0.414674
-0.426734
-0.43561
-0.439131
-0.434731
-0.419453
-0.390268
-0.345125
-0.284818
-0.215468
-0.145202
-0.0822423
-0.0317721
0.00492232
0.0273753
0.039928
0.0427847
0.0418245
0.0350118
0.028788
0.0171806
0.00894868
-0.332723
-0.336344
-0.343301
-0.351696
-0.36176
-0.373467
-0.386546
-0.40045
-0.414296
-0.426794
-0.436248
-0.440493
-0.436948
-0.422686
-0.394545
-0.350339
-0.290641
-0.22143
-0.150908
-0.0873867
-0.0362464
0.00118245
0.0243257
0.0375115
0.0409154
0.0404002
0.0339746
0.0280291
0.01674
0.00868534
-0.331818
-0.335386
-0.342042
-0.350382
-0.360361
-0.37205
-0.385189
-0.39925
-0.413369
-0.426272
-0.436277
-0.441238
-0.438586
-0.42537
-0.398361
-0.355201
-0.296267
-0.227384
-0.156775
-0.0927935
-0.0410227
-0.00285735
0.0210091
0.0348684
0.0388683
0.0388376
0.0328399
0.027199
0.0162629
0.00840158
-0.330902
-0.334218
-0.340555
-0.348791
-0.358629
-0.370243
-0.383387
-0.39755
-0.411894
-0.425166
-0.435695
-0.441349
-0.439572
-0.427413
-0.401581
-0.359578
-0.301583
-0.233231
-0.162713
-0.0983918
-0.0460465
-0.00715657
0.0174554
0.0320203
0.0366593
0.0371482
0.0316159
0.0263037
0.0157526
0.00810014
-0.329987
-0.332947
-0.338895
-0.346969
-0.356612
-0.36809
-0.381178
-0.395382
-0.409894
-0.423484
-0.434495
-0.440802
-0.439886
-0.428771
-0.404139
-0.363386
-0.306502
-0.238882
-0.168642
-0.104115
-0.0512648
-0.0116738
0.0136964
0.028991
0.0343054
0.0353445
0.0303113
0.0253495
0.0152128
0.00778383
-0.329146
-0.331652
-0.337124
-0.344977
-0.354365
-0.365646
-0.378615
-0.392797
-0.407412
-0.421257
-0.432695
-0.43962
-0.439522
-0.429423
-0.405995
-0.366567
-0.310952
-0.244264
-0.174494
-0.109902
-0.0566263
-0.0163676
0.00976464
0.0258055
0.0318251
0.0334399
0.0289353
0.0243433
0.0146469
0.0074554
-0.32842
-0.330393
-0.335308
-0.34287
-0.351945
-0.36297
-0.375758
-0.389849
-0.404497
-0.41853
-0.430331
-0.43787
-0.43849
-0.42936
-0.40713
-0.369084
-0.314883
-0.249317
-0.180202
-0.115691
-0.0620748
-0.0211911
0.00569691
0.0224918
0.0292385
0.0314489
0.0274977
0.0232919
0.0140585
0.00711748
-0.327807
-0.32919
-0.3335
-0.340696
-0.349399
-0.360113
-0.37266
-0.386593
-0.401201
-0.415345
-0.427433
-0.435417
-0.436794
-0.428585
-0.407535
-0.370911
-0.318241
-0.25397
-0.185683
-0.121399
-0.0675397
-0.0260886
0.00153493
0.01908
0.0265669
0.0293865
0.0260085
0.0222023
0.0134511
0.00677246
-0.327222
-0.327999
-0.331728
-0.338494
-0.346772
-0.357128
-0.369378
-0.383088
-0.397581
-0.411758
-0.42406
-0.432476
-0.434459
-0.427117
-0.407217
-0.372041
-0.321
-0.258182
-0.190899
-0.126994
-0.072997
-0.0310396
-0.00270355
0.0155873
0.0238244
0.0272649
0.0244765
0.0210815
0.0128283
0.0064227
-0.326519
-0.326755
-0.330012
-0.336286
-0.344086
-0.354041
-0.365944
-0.379367
-0.393673
-0.407805
-0.420247
-0.428949
-0.431472
-0.424977
-0.406237
-0.372587
-0.32333
-0.262168
-0.196077
-0.132679
-0.0786025
-0.036144
-0.00707499
0.0119898
0.021004
0.025087
0.022907
0.0199361
0.0121937
0.00607074
-0.326285
-0.325247
-0.328288
-0.333987
-0.341223
-0.350712
-0.362196
-0.375254
-0.389287
-0.403293
-0.415847
-0.4247
-0.427707
-0.422092
-0.404621
-0.372679
-0.325428
-0.266127
-0.201374
-0.138555
-0.0844036
-0.0414169
-0.0115758
0.00829534
0.018115
0.0228593
0.021305
0.0187694
0.0115504
0.00571819
-0.32499
-0.322497
-0.326364
-0.331591
-0.338304
-0.347333
-0.358384
-0.371027
-0.384694
-0.398423
-0.410839
-0.420136
-0.423465
-0.418435
-0.401942
-0.371387
-0.32585
-0.268247
-0.204871
-0.142901
-0.0890371
-0.0459171
-0.0156037
0.00483904
0.0153366
0.0206546
0.0196991
0.0175796
0.0108949
0.00536163
-0.311423
-0.317048
-0.324417
-0.329832
-0.336368
-0.345202
-0.356031
-0.368407
-0.38177
-0.395189
-0.407364
-0.416116
-0.419193
-0.413965
-0.397443
-0.367225
-0.322602
-0.266438
-0.204781
-0.144471
-0.0918378
-0.049483
-0.0193191
0.0012668
0.0122732
0.0180772
0.0177752
0.016105
0.0100806
0.00492031
-0.309643
-0.314543
-0.322195
-0.327621
-0.333889
-0.342409
-0.352833
-0.364609
-0.37717
-0.389613
-0.400538
-0.408302
-0.410396
-0.404378
-0.387583
-0.357933
-0.314983
-0.261386
-0.202711
-0.145189
-0.0946454
-0.0535942
-0.0238423
-0.00318682
0.00839402
0.0147996
0.0153161
0.0142398
0.00904387
0.00438342
-0.307428
-0.311634
-0.31847
-0.324043
-0.330281
-0.338509
-0.348458
-0.359527
-0.371131
-0.382413
-0.392082
-0.398525
-0.399467
-0.392623
-0.375661
-0.346829
-0.305884
-0.25522
-0.199851
-0.145383
-0.0971312
-0.0575312
-0.0283068
-0.00766111
0.00443889
0.0114237
0.0127575
0.0122966
0.00795383
0.00383958
-0.303322
-0.307339
-0.312948
-0.318524
-0.324867
-0.332832
-0.342245
-0.352545
-0.363146
-0.373244
-0.381627
-0.386765
-0.386633
-0.379123
-0.362215
-0.334453
-0.295757
-0.248259
-0.196397
-0.145162
-0.0993467
-0.0613115
-0.0327047
-0.0121293
0.000447116
0.00799211
0.0101397
0.0103062
0.00683143
0.00329711
-0.296578
-0.301259
-0.305889
-0.311213
-0.317608
-0.325322
-0.334152
-0.343625
-0.353184
-0.362079
-0.369196
-0.373116
-0.372029
-0.364044
-0.347428
-0.32099
-0.284764
-0.240619
-0.19241
-0.144529
-0.10126
-0.0648851
-0.0369862
-0.0165478
-0.0035494
0.00452903
0.00747728
0.00827956
0.00568089
0.00275845
-0.28741
-0.293345
-0.297515
-0.30247
-0.308774
-0.31622
-0.324452
-0.333065
-0.341562
-0.349263
-0.355168
-0.357972
-0.356069
-0.347808
-0.331714
-0.306818
-0.273217
-0.232518
-0.188011
-0.143523
-0.102857
-0.0682084
-0.0411012
-0.0208692
-0.00751337
0.00106322
0.00478787
0.00622979
0.00450714
0.00222677
-0.276715
-0.283857
-0.288029
-0.292667
-0.298749
-0.305882
-0.313529
-0.321294
-0.328754
-0.335311
-0.340084
-0.341893
-0.339331
-0.330979
-0.315591
-0.292376
-0.261452
-0.224178
-0.183321
-0.142188
-0.10413
-0.0712478
-0.0450074
-0.0250512
-0.0114092
-0.00237631
0.00209115
0.00417155
0.00331701
0.00170533
-0.265138
-0.273184
-0.277651
-0.282112
-0.287907
-0.294677
-0.301765
-0.30874
-0.315235
-0.320739
-0.32449
-0.325442
-0.322377
-0.314088
-0.299528
-0.278046
-0.249754
-0.215788
-0.178445
-0.140564
-0.105078
-0.0739792
-0.0486703
-0.0290577
-0.015205
-0.00576263
-0.000593695
0.00211913
0.00211779
0.0011967
-0.253111
-0.261744
-0.266611
-0.271034
-0.276543
-0.282922
-0.289484
-0.295752
-0.301387
-0.305961
-0.308821
-0.309061
-0.30564
-0.297535
-0.283868
-0.2641
-0.238325
-0.207483
-0.173464
-0.138688
-0.105706
-0.076387
-0.0520636
-0.0328589
-0.0188724
-0.0090711
-0.00324818
8.6095e-05
0.000916903
0.000702787
-0.240964
-0.249887
-0.255128
-0.259602
-0.264865
-0.270854
-0.276928
-0.282578
-0.287475
-0.291255
-0.293366
-0.29304
-0.289396
-0.281569
-0.268819
-0.250701
-0.227288
-0.19935
-0.168434
-0.13659
-0.106022
-0.0784633
-0.0551678
-0.0364307
-0.0223864
-0.0122793
-0.00585451
-0.00191458
-0.000277966
0.000225002
-0.228887
-0.237866
-0.243393
-0.247953
-0.253017
-0.258643
-0.264269
-0.269386
-0.273665
-0.276788
-0.278295
-0.277545
-0.273795
-0.266313
-0.254479
-0.237925
-0.2167
-0.191437
-0.163394
-0.134298
-0.106038
-0.0802063
-0.05797
-0.0397541
-0.0257253
-0.0153667
-0.00839548
-0.00387049
-0.00145893
-0.000235571
-0.216991
-0.225861
-0.231569
-0.236207
-0.241113
-0.246412
-0.251634
-0.256294
-0.260064
-0.262663
-0.263704
-0.262656
-0.258896
-0.251811
-0.240876
-0.225789
-0.206581
-0.183768
-0.158369
-0.131833
-0.105769
-0.0816192
-0.060462
-0.0428141
-0.0288701
-0.0183147
-0.0108545
-0.00576974
-0.00261796
-0.000677996
-0.205369
-0.21401
-0.219796
-0.224481
-0.229248
-0.234258
-0.239121
-0.243391
-0.24675
-0.248941
-0.249636
-0.248399
-0.244711
-0.238058
-0.227999
-0.214284
-0.196929
-0.176353
-0.15338
-0.129219
-0.10523
-0.0827096
-0.0626406
-0.0455998
-0.0318047
-0.0211066
-0.0132157
-0.00760097
-0.00374701
-0.00110137
-0.194095
-0.202416
-0.208191
-0.212882
-0.217518
-0.222271
-0.226816
-0.230753
-0.233781
-0.235662
-0.236116
-0.234783
-0.231233
-0.225038
-0.215826
-0.20339
-0.187733
-0.169197
-0.148442
-0.126477
-0.104441
-0.0834886
-0.0645062
-0.048104
-0.0345156
-0.0237273
-0.0154641
-0.00935338
-0.00483818
-0.00150474
-0.183229
-0.191166
-0.196855
-0.201509
-0.206013
-0.210532
-0.214796
-0.21845
-0.221212
-0.222863
-0.223162
-0.22181
-0.218451
-0.212728
-0.204331
-0.193084
-0.178983
-0.162303
-0.143573
-0.123631
-0.103423
-0.0839707
-0.0660636
-0.050323
-0.0369922
-0.026164
-0.017586
-0.0110169
-0.00588387
-0.00188708
-0.172822
-0.18033
-0.185874
-0.190452
-0.194816
-0.199119
-0.203133
-0.206544
-0.209093
-0.21058
-0.210793
-0.209484
-0.206354
-0.201111
-0.19349
-0.183348
-0.170668
-0.155676
-0.138789
-0.120703
-0.1022
-0.0841737
-0.067321
-0.0522567
-0.0392269
-0.0284063
-0.019569
-0.0125824
-0.00687702
-0.00224728
-0.162918
-0.169969
-0.175321
-0.179789
-0.184006
-0.188105
-0.191893
-0.195095
-0.197474
-0.198848
-0.199029
-0.197808
-0.194935
-0.190169
-0.183286
-0.174165
-0.162782
-0.149321
-0.134108
-0.11772
-0.100797
-0.0841183
-0.0682906
-0.053909
-0.0412159
-0.0304462
-0.021403
-0.0140418
-0.00781125
-0.00258423
-0.153549
-0.16013
-0.165258
-0.16959
-0.173651
-0.177555
-0.181137
-0.184157
-0.186401
-0.187699
-0.187888
-0.186789
-0.184191
-0.179893
-0.173704
-0.165523
-0.155321
-0.143244
-0.129548
-0.114707
-0.0992424
-0.0838286
-0.0689885
-0.0552876
-0.0429587
-0.0322789
-0.0230798
-0.0153883
-0.00868112
-0.00289683
-0.144743
-0.150853
-0.155734
-0.159911
-0.16381
-0.167528
-0.170922
-0.173782
-0.175915
-0.177168
-0.177393
-0.176437
-0.17412
-0.170273
-0.164734
-0.157416
-0.148285
-0.137457
-0.125129
-0.111692
-0.0975656
-0.0833312
-0.0694342
-0.0564041
-0.0444588
-0.0339026
-0.0245941
-0.0166169
-0.00948217
-0.00318415
-0.13652
-0.14217
-0.146793
-0.150801
-0.154537
-0.158076
-0.161295
-0.164013
-0.166056
-0.167284
-0.167564
-0.166763
-0.164725
-0.161309
-0.156372
-0.149841
-0.141676
-0.131971
-0.120873
-0.108704
-0.0957981
-0.0826558
-0.0696512
-0.0572739
-0.0457234
-0.0353189
-0.025943
-0.0177241
-0.0102111
-0.00344542
-0.128899
-0.134107
-0.13847
-0.142303
-0.145876
-0.149244
-0.152303
-0.154893
-0.156859
-0.158077
-0.158423
-0.15778
-0.156014
-0.153001
-0.148617
-0.142798
-0.135502
-0.126801
-0.116803
-0.105772
-0.0939738
-0.0818346
-0.0696661
-0.0579163
-0.0467637
-0.0365329
-0.0271267
-0.0187085
-0.010866
-0.00368017
-0.121896
-0.126688
-0.130795
-0.134454
-0.137868
-0.141075
-0.143985
-0.146459
-0.148361
-0.149576
-0.149992
-0.149505
-0.147995
-0.145355
-0.141475
-0.136297
-0.129775
-0.121967
-0.112946
-0.102931
-0.0921284
-0.0809025
-0.0695088
-0.0583542
-0.0475947
-0.0375529
-0.0281484
-0.0195705
-0.0114459
-0.00388824
-0.115527
-0.119935
-0.123798
-0.127286
-0.130548
-0.133605
-0.136378
-0.138748
-0.140593
-0.141811
-0.142297
-0.141958
-0.140684
-0.138384
-0.134956
-0.130348
-0.124511
-0.117489
-0.109331
-0.100215
-0.0902999
-0.0798968
-0.0692123
-0.0586139
-0.0482349
-0.0383906
-0.0290138
-0.0203129
-0.0119512
-0.00406982
-0.10981
-0.113868
-0.117504
-0.120832
-0.123951
-0.126871
-0.129519
-0.131796
-0.133592
-0.134813
-0.135365
-0.135162
-0.134103
-0.132106
-0.129078
-0.12497
-0.119733
-0.113398
-0.105991
-0.0976626
-0.0885287
-0.0788571
-0.0688122
-0.0587246
-0.048706
-0.0390607
-0.0297316
-0.0209399
-0.0123836
-0.00422543
-0.104766
-0.108513
-0.111943
-0.115123
-0.118114
-0.12091
-0.123447
-0.12564
-0.127392
-0.128618
-0.12923
-0.129147
-0.128277
-0.126546
-0.123866
-0.120191
-0.11547
-0.109724
-0.102965
-0.0953139
-0.0868576
-0.0778254
-0.0683465
-0.0587183
-0.0490326
-0.0395804
-0.0303124
-0.0214576
-0.0127457
-0.00435589
-0.100423
-0.103901
-0.107149
-0.110199
-0.113075
-0.115763
-0.118204
-0.120324
-0.122038
-0.123268
-0.123931
-0.123951
-0.123244
-0.121739
-0.119353
-0.116044
-0.111758
-0.106508
-0.100293
-0.0932143
-0.0853324
-0.0768458
-0.0678552
-0.058629
-0.0492411
-0.0399689
-0.0307686
-0.0218733
-0.0130408
-0.00446226
-0.0968132
-0.100067
-0.103163
-0.106101
-0.108882
-0.111479
-0.113839
-0.115898
-0.11758
-0.118813
-0.119517
-0.119623
-0.119049
-0.11773
-0.115586
-0.112576
-0.108643
-0.103797
-0.0980253
-0.0914131
-0.0840016
-0.0759646
-0.0673801
-0.0584917
-0.0493593
-0.0402463
-0.0311135
-0.0221949
-0.0132727
-0.00454567
-0.0939857
-0.0970644
-0.100039
-0.102889
-0.105593
-0.108118
-0.110415
-0.112426
-0.114082
-0.115316
-0.116052
-0.116225
-0.115755
-0.114579
-0.112622
-0.109842
-0.106182
-0.101647
-0.0962169
-0.0899647
-0.0829173
-0.0752297
-0.0669633
-0.0583419
-0.0494146
-0.0404325
-0.0313601
-0.0224298
-0.0134447
-0.0046071
-0.0920055
-0.0949602
-0.0978497
-0.100638
-0.103288
-0.105764
-0.108016
-0.109993
-0.11163
-0.112864
-0.113623
-0.11384
-0.113441
-0.112366
-0.110538
-0.107917
-0.104446
-0.100126
-0.0949325
-0.0889296
-0.0821353
-0.0746909
-0.0666473
-0.058214
-0.0494332
-0.0405455
-0.0315198
-0.0225841
-0.0135598
-0.00464685
-0.0909399
-0.0938349
-0.0966816
-0.0994376
-0.102061
-0.10451
-0.10674
-0.108699
-0.110327
-0.111561
-0.112332
-0.112574
-0.112213
-0.11119
-0.109431
-0.106894
-0.103523
-0.0993152
-0.0942463
-0.0883744
-0.081714
-0.0743974
-0.0664727
-0.0581383
-0.0494372
-0.0405988
-0.031601
-0.0226607
-0.0136195
-0.00466479
-0.214941
-0.223927
-0.232335
-0.240187
-0.247507
-0.25432
-0.26065
-0.266523
-0.271961
-0.276984
-0.281617
-0.285886
-0.289837
-0.293544
-0.297125
-0.300791
-0.304773
-0.309846
-0.315455
-0.326952
-0.20166
-0.210345
-0.218558
-0.226321
-0.233655
-0.240582
-0.247123
-0.253302
-0.259141
-0.264671
-0.269927
-0.274969
-0.279874
-0.284774
-0.2898
-0.295271
-0.301046
-0.308233
-0.313762
-0.325381
-0.189389
-0.197712
-0.205656
-0.213243
-0.220499
-0.227445
-0.234106
-0.240509
-0.246687
-0.252679
-0.258533
-0.264311
-0.270065
-0.275895
-0.281731
-0.287819
-0.293412
-0.300028
-0.304086
-0.314533
-0.178071
-0.186044
-0.193721
-0.201125
-0.208276
-0.215197
-0.221911
-0.228443
-0.234822
-0.241078
-0.247233
-0.253319
-0.259307
-0.265254
-0.270957
-0.276793
-0.282005
-0.288563
-0.293323
-0.303243
-0.167693
-0.175318
-0.182714
-0.189899
-0.19689
-0.203706
-0.210363
-0.21688
-0.223271
-0.229551
-0.235715
-0.241785
-0.247717
-0.253623
-0.259351
-0.265403
-0.271102
-0.278012
-0.283479
-0.292119
-0.158153
-0.165422
-0.172511
-0.179436
-0.186207
-0.19284
-0.199345
-0.205736
-0.212018
-0.218205
-0.224298
-0.230337
-0.236304
-0.242334
-0.248287
-0.254518
-0.260394
-0.266921
-0.272439
-0.279955
-0.149359
-0.156262
-0.163025
-0.169658
-0.17617
-0.182571
-0.188872
-0.195084
-0.201216
-0.207286
-0.213299
-0.219296
-0.225252
-0.231245
-0.237132
-0.243126
-0.24884
-0.254955
-0.260661
-0.267586
-0.141241
-0.147776
-0.154201
-0.160525
-0.166754
-0.172898
-0.178965
-0.184968
-0.190913
-0.196815
-0.202675
-0.208511
-0.214296
-0.220076
-0.225777
-0.231551
-0.237231
-0.243171
-0.248986
-0.255427
-0.133732
-0.139903
-0.145988
-0.151993
-0.157925
-0.163791
-0.169599
-0.175356
-0.181068
-0.186742
-0.192379
-0.19799
-0.203569
-0.209152
-0.214715
-0.220334
-0.225925
-0.231619
-0.237297
-0.243334
-0.126776
-0.132589
-0.138334
-0.144016
-0.149641
-0.155214
-0.160741
-0.166228
-0.171678
-0.1771
-0.182496
-0.187878
-0.193248
-0.198624
-0.203992
-0.209376
-0.214747
-0.220163
-0.225645
-0.231389
-0.120315
-0.12578
-0.131191
-0.136551
-0.141866
-0.14714
-0.152377
-0.157582
-0.162761
-0.167918
-0.173059
-0.17819
-0.183311
-0.18843
-0.193544
-0.198665
-0.203799
-0.20897
-0.214231
-0.219692
-0.114309
-0.119437
-0.12452
-0.129563
-0.13457
-0.139543
-0.144488
-0.149407
-0.154305
-0.159185
-0.164052
-0.168909
-0.173759
-0.178607
-0.183459
-0.188321
-0.193202
-0.198109
-0.203096
-0.208254
-0.108725
-0.113527
-0.118291
-0.123023
-0.127726
-0.132402
-0.137053
-0.141683
-0.146295
-0.150893
-0.155479
-0.160057
-0.164631
-0.169205
-0.173784
-0.178368
-0.182968
-0.187587
-0.19228
-0.197126
-0.103528
-0.108016
-0.112473
-0.116903
-0.121308
-0.125691
-0.130053
-0.134397
-0.138725
-0.14304
-0.147345
-0.151643
-0.155936
-0.160228
-0.164521
-0.168818
-0.173128
-0.177456
-0.181848
-0.186373
-0.0986788
-0.102867
-0.10703
-0.111169
-0.115288
-0.119387
-0.123467
-0.127531
-0.131581
-0.135618
-0.139644
-0.143662
-0.147675
-0.151684
-0.155692
-0.159703
-0.163723
-0.167756
-0.171842
-0.176041
-0.0941538
-0.0980577
-0.10194
-0.105803
-0.109647
-0.113472
-0.11728
-0.121073
-0.124851
-0.128617
-0.132371
-0.136116
-0.139853
-0.143584
-0.147313
-0.15104
-0.154772
-0.158511
-0.162293
-0.166169
-0.0899318
-0.093567
-0.0971841
-0.100783
-0.104365
-0.107929
-0.111477
-0.115009
-0.118527
-0.122031
-0.125522
-0.129002
-0.132472
-0.135934
-0.13939
-0.14284
-0.146291
-0.149744
-0.15323
-0.156792
-0.0859865
-0.0893713
-0.0927395
-0.0960907
-0.0994249
-0.102742
-0.106043
-0.109328
-0.112597
-0.115852
-0.119092
-0.122318
-0.125533
-0.128736
-0.13193
-0.135115
-0.138295
-0.141473
-0.144674
-0.147935
-0.0823059
-0.08546
-0.0885958
-0.0917144
-0.0948164
-0.0979017
-0.10097
-0.104022
-0.107056
-0.110075
-0.113077
-0.116064
-0.119036
-0.121994
-0.124939
-0.127872
-0.130796
-0.133712
-0.136642
-0.139617
-0.0788903
-0.081827
-0.084746
-0.087648
-0.0905333
-0.0934015
-0.0962523
-0.0990852
-0.1019
-0.104697
-0.107477
-0.110238
-0.112983
-0.115711
-0.118422
-0.121118
-0.123801
-0.126471
-0.129148
-0.131856
-0.075733
-0.0784674
-0.0811853
-0.0838866
-0.086571
-0.0892378
-0.0918864
-0.0945164
-0.0971272
-0.0997187
-0.102291
-0.104843
-0.107376
-0.10989
-0.112385
-0.114861
-0.11732
-0.119763
-0.122204
-0.124666
-0.0728223
-0.0753726
-0.077907
-0.0804246
-0.0829249
-0.0854071
-0.0878704
-0.090314
-0.0927374
-0.0951402
-0.0975219
-0.0998823
-0.102221
-0.104538
-0.106834
-0.109109
-0.111363
-0.113597
-0.115824
-0.118059
-0.0701635
-0.0725473
-0.0749152
-0.0772661
-0.0795993
-0.0819137
-0.0842085
-0.0864828
-0.0887358
-0.090967
-0.0931758
-0.0953617
-0.0975245
-0.0996637
-0.101779
-0.103871
-0.10594
-0.107986
-0.110018
-0.112051
-0.0677614
-0.0699962
-0.0722149
-0.0744163
-0.0765996
-0.0787636
-0.0809074
-0.0830299
-0.0851303
-0.0872078
-0.0892618
-0.0912917
-0.093297
-0.0952772
-0.097232
-0.0991611
-0.101065
-0.102944
-0.104804
-0.106657
-0.065626
-0.0677293
-0.0698163
-0.0718858
-0.0739368
-0.075968
-0.0779785
-0.0799671
-0.0819329
-0.0838752
-0.0857931
-0.0876859
-0.089553
-0.0913939
-0.0932081
-0.0949951
-0.0967553
-0.0984882
-0.100199
-0.101895
-0.0637726
-0.0657624
-0.0677357
-0.0696912
-0.0716279
-0.0735446
-0.0754401
-0.0773134
-0.0791635
-0.0809896
-0.0827907
-0.084566
-0.086315
-0.0880369
-0.0897312
-0.0913975
-0.0930355
-0.094645
-0.0962294
-0.097794
-0.0622188
-0.064113
-0.0659906
-0.0678504
-0.0696912
-0.0715119
-0.0733112
-0.0750883
-0.076842
-0.0785715
-0.0802758
-0.0819542
-0.0836059
-0.0852302
-0.0868265
-0.0883942
-0.0899331
-0.0914426
-0.0929249
-0.0943832
-0.0609998
-0.0628178
-0.064619
-0.0664023
-0.0681665
-0.0699106
-0.0716334
-0.0733339
-0.0750111
-0.0766642
-0.0782922
-0.0798944
-0.08147
-0.0830182
-0.0845385
-0.0860302
-0.087493
-0.0889263
-0.0903312
-0.0917094
-0.0601258
-0.0618875
-0.0636327
-0.0653604
-0.0670694
-0.0687587
-0.0704272
-0.0720739
-0.0736979
-0.0752983
-0.0768742
-0.0784248
-0.0799493
-0.0814469
-0.082917
-0.0843589
-0.085772
-0.0871557
-0.0885104
-0.0898363
-0.0596929
-0.0614168
-0.0631239
-0.0648132
-0.0664839
-0.0681353
-0.0697665
-0.0713768
-0.0729653
-0.0745313
-0.0760741
-0.0775931
-0.0790876
-0.080557
-0.0820007
-0.0834181
-0.0848087
-0.086172
-0.087508
-0.0888165
0.0901823
0.0717756
0.0527691
0.0346378
0.0162588
-0.00221762
-0.0203407
-0.0380183
-0.0552566
-0.0720028
-0.0881934
-0.103785
-0.118765
-0.13314
-0.147458
-0.160699
-0.172894
-0.184333
-0.195148
-0.205353
0.0806112
0.0622014
0.0427915
0.0258659
0.00930133
-0.00753535
-0.0240811
-0.0401093
-0.0556906
-0.0708451
-0.0855289
-0.0997006
-0.113305
-0.126243
-0.138661
-0.150621
-0.161935
-0.172636
-0.182809
-0.192484
0.0706503
0.0528937
0.033975
0.0182742
0.00352811
-0.0115899
-0.0266171
-0.0411423
-0.0552044
-0.0688816
-0.0821503
-0.094966
-0.107293
-0.119104
-0.130275
-0.141312
-0.151917
-0.161971
-0.171535
-0.180668
0.0605134
0.0437656
0.0259004
0.0114592
-0.00166562
-0.0151634
-0.0287609
-0.0419326
-0.0546358
-0.0669806
-0.0789809
-0.0905959
-0.101789
-0.112536
-0.122814
-0.132995
-0.142831
-0.15221
-0.161175
-0.169786
0.0507803
0.0353322
0.0188024
0.00558864
-0.00614094
-0.0181893
-0.0304695
-0.0424266
-0.0539338
-0.0651001
-0.0759735
-0.0865251
-0.0967169
-0.106537
-0.116001
-0.125437
-0.134558
-0.143297
-0.151702
-0.159826
0.04176
0.0277105
0.0126003
0.000525901
-0.0100209
-0.0207997
-0.0318773
-0.042732
-0.0531775
-0.0633015
-0.0731767
-0.0827954
-0.0921298
-0.10117
-0.109927
-0.118528
-0.126954
-0.135121
-0.143024
-0.150693
0.033519
0.0208374
0.00714479
-0.00386685
-0.0133954
-0.0230628
-0.0330468
-0.0428949
-0.05239
-0.0615905
-0.0705796
-0.0793695
-0.0879445
-0.0962943
-0.104412
-0.112221
-0.119995
-0.127636
-0.13507
-0.142302
0.0260359
0.0146361
0.00231496
-0.00769604
-0.0163313
-0.0250257
-0.034023
-0.0429528
-0.0515921
-0.0599691
-0.068163
-0.0761965
-0.0840556
-0.0917241
-0.0991944
-0.106459
-0.11369
-0.120819
-0.127784
-0.134583
0.0192764
0.0090571
-0.00196701
-0.0110378
-0.018879
-0.0267213
-0.0348354
-0.0429309
-0.0507968
-0.0584364
-0.0659177
-0.0732694
-0.0804839
-0.087548
-0.0944591
-0.101218
-0.107947
-0.114584
-0.121089
-0.127466
0.013209
0.00406533
-0.00575498
-0.0139511
-0.0210821
-0.0281774
-0.0355063
-0.0428483
-0.0500151
-0.0569928
-0.0638356
-0.0705732
-0.0772036
-0.0837166
-0.0901116
-0.0963967
-0.102669
-0.108851
-0.114919
-0.120889
0.00779971
-0.000374549
-0.00909547
-0.0164866
-0.0229806
-0.0294197
-0.0360532
-0.0427182
-0.0492544
-0.0556377
-0.0619089
-0.0680952
-0.0741966
-0.0802026
-0.0861087
-0.0919263
-0.097773
-0.103535
-0.109202
-0.114791
0.00300818
-0.00430055
-0.0120315
-0.0186886
-0.0246098
-0.0304705
-0.036489
-0.0425477
-0.048515
-0.0543635
-0.0601226
-0.0658178
-0.0714546
-0.0770315
-0.0825451
-0.0879864
-0.0932805
-0.0985903
-0.103886
-0.109128
-0.00121073
-0.00775156
-0.0146016
-0.0205951
-0.0259999
-0.0313482
-0.0368222
-0.0423383
-0.0477918
-0.0531551
-0.0584479
-0.0636901
-0.068886
-0.074031
-0.0791184
-0.0841414
-0.0890904
-0.0940419
-0.0989803
-0.103878
-0.00490464
-0.0107661
-0.01684
-0.0222382
-0.0271769
-0.0320686
-0.0370597
-0.0420905
-0.0470798
-0.0520023
-0.0568705
-0.0616993
-0.0664925
-0.0712471
-0.0759589
-0.0806251
-0.08524
-0.0898497
-0.0944437
-0.0990053
-0.00812128
-0.0133822
-0.018777
-0.0236452
-0.0281633
-0.0326465
-0.037208
-0.041805
-0.0463758
-0.0508988
-0.0553814
-0.0598343
-0.0642608
-0.0686586
-0.0730245
-0.0773563
-0.0816519
-0.0859418
-0.0902155
-0.0944623
-0.0109065
-0.0156367
-0.0204404
-0.0248394
-0.0289786
-0.0330951
-0.0372735
-0.0414828
-0.0456768
-0.0498378
-0.0539701
-0.0580809
-0.0621725
-0.0662431
-0.0702901
-0.0743117
-0.0783073
-0.0822991
-0.0862747
-0.0902267
-0.0133031
-0.0175649
-0.021856
-0.0258414
-0.0296398
-0.0334267
-0.037263
-0.0411256
-0.0449805
-0.0488139
-0.0526276
-0.0564264
-0.0602116
-0.0639817
-0.0677348
-0.0714699
-0.0751871
-0.0789037
-0.0826022
-0.0862776
-0.0153499
-0.0191997
-0.0230478
-0.0266697
-0.0301624
-0.033653
-0.0371834
-0.0407363
-0.0442868
-0.0478244
-0.0513494
-0.0548644
-0.0583692
-0.0618618
-0.0653391
-0.0687996
-0.0722465
-0.0757186
-0.0791653
-0.0825854
-0.0170824
-0.020571
-0.0240378
-0.0273411
-0.03056
-0.0337845
-0.0370417
-0.0403183
-0.0435963
-0.0468681
-0.0501336
-0.0533942
-0.0566503
-0.0599009
-0.063145
-0.0663799
-0.0695992
-0.0727693
-0.0759496
-0.0791337
-0.0185326
-0.0217061
-0.0248457
-0.0278708
-0.0308451
-0.0338308
-0.0368437
-0.0398733
-0.0429066
-0.0459381
-0.0489671
-0.0519938
-0.0550173
-0.0580357
-0.0610468
-0.0640476
-0.0670349
-0.070003
-0.0729712
-0.0759367
-0.0197306
-0.0226303
-0.0254908
-0.0282736
-0.0310304
-0.0338023
-0.0365975
-0.039407
-0.0422216
-0.0450373
-0.047853
-0.0506683
-0.0534819
-0.0562919
-0.0590965
-0.0618934
-0.0646804
-0.0674531
-0.0702214
-0.0729832
-0.0207044
-0.0233679
-0.0259917
-0.0285651
-0.0311295
-0.0337114
-0.0363133
-0.0389278
-0.0415482
-0.0441715
-0.0467965
-0.0494224
-0.0520475
-0.0546701
-0.0572882
-0.0598999
-0.062503
-0.0650946
-0.06768
-0.0702572
-0.021481
-0.0239426
-0.0263673
-0.0287612
-0.031157
-0.0335712
-0.0360031
-0.038446
-0.0408951
-0.0433481
-0.0458038
-0.048261
-0.050718
-0.0531729
-0.055624
-0.0580692
-0.0605067
-0.0629342
-0.0653542
-0.067765
-0.0220865
-0.0243773
-0.0266367
-0.0288785
-0.0311284
-0.0333964
-0.03568
-0.0379735
-0.0402731
-0.0425769
-0.0448838
-0.0471923
-0.0495008
-0.0518073
-0.0541102
-0.0564074
-0.0586973
-0.0609777
-0.0632498
-0.0655119
-0.0225457
-0.0246948
-0.0268193
-0.0289344
-0.0310601
-0.0332027
-0.0353591
-0.0375243
-0.0396952
-0.0418703
-0.0440482
-0.0462275
-0.0484066
-0.0505835
-0.0527566
-0.0549241
-0.0570842
-0.059235
-0.0613767
-0.0635078
-0.0228826
-0.0249174
-0.0269346
-0.0289468
-0.0309695
-0.0330072
-0.0350568
-0.0371143
-0.0391768
-0.041243
-0.0433116
-0.045381
-0.0474496
-0.0495157
-0.0515775
-0.0536335
-0.0556818
-0.0577208
-0.0597499
-0.0617678
-0.02312
-0.0250665
-0.027002
-0.0289342
-0.030875
-0.0328282
-0.0347915
-0.0367616
-0.0387359
-0.0407129
-0.0426913
-0.0446698
-0.0466467
-0.0486205
-0.0505894
-0.052552
-0.0545066
-0.0564516
-0.0583863
-0.0603093
-0.0232789
-0.0251627
-0.0270409
-0.0289154
-0.0307954
-0.0326852
-0.0345833
-0.036487
-0.0383939
-0.0403024
-0.0422112
-0.0441191
-0.0460246
-0.0479261
-0.0498221
-0.051711
-0.0535913
-0.0554613
-0.0573199
-0.0591665
-0.023377
-0.0252246
-0.0270691
-0.0289076
-0.030748
-0.0325949
-0.0344482
-0.0363054
-0.0381643
-0.0400234
-0.0418816
-0.0437376
-0.0455901
-0.0474377
-0.0492792
-0.0511131
-0.0529382
-0.0547533
-0.0565574
-0.0583487
-0.0234242
-0.0252627
-0.0271003
-0.0289313
-0.0307617
-0.0325959
-0.0344339
-0.0362736
-0.038113
-0.0399504
-0.0417847
-0.0436148
-0.0454394
-0.0472572
-0.0490672
-0.0508679
-0.0526581
-0.0544363
-0.056201
-0.0579536
0.091263
0.0942071
0.0941273
0.100358
0.102624
0.11187
0.117196
0.129654
0.137923
0.152604
0.160919
0.173196
0.17189
0.1682
0.129323
0.0911169
0.0940044
0.0938955
0.0999187
0.102099
0.110925
0.115971
0.127627
0.135162
0.148297
0.15501
0.164317
0.160326
0.150912
0.114061
0.090954
0.0937795
0.0936275
0.0994228
0.101481
0.109848
0.114546
0.125341
0.13204
0.143569
0.148628
0.155099
0.1489
0.135759
0.102377
0.0907749
0.0935276
0.093332
0.0988711
0.100801
0.108662
0.112995
0.122853
0.128698
0.138528
0.142001
0.145663
0.137726
0.121835
0.0906409
0.0905787
0.0932468
0.0930098
0.0982637
0.100064
0.107371
0.111331
0.120184
0.125178
0.133245
0.135239
0.136185
0.126871
0.1088
0.0788689
0.0903644
0.0929349
0.0926587
0.0975972
0.0992646
0.105971
0.109545
0.117332
0.121484
0.127749
0.128373
0.126767
0.116335
0.0966272
0.0676854
0.0901311
0.0925892
0.092277
0.0968681
0.0983985
0.104456
0.107636
0.114301
0.117619
0.12207
0.121426
0.117489
0.106134
0.0853517
0.0573889
0.089878
0.0922068
0.0918636
0.096073
0.0974636
0.102826
0.105603
0.111097
0.113595
0.116251
0.114432
0.108428
0.0963059
0.0749742
0.0480197
0.0896045
0.0917852
0.0914172
0.0952098
0.0964583
0.10108
0.103446
0.107735
0.109425
0.110341
0.10743
0.0996579
0.0868924
0.0654551
0.0395343
0.0893101
0.0913217
0.0909366
0.094277
0.0953805
0.0992223
0.101168
0.104235
0.105124
0.104394
0.100458
0.0912355
0.0779287
0.056737
0.031887
0.0889944
0.0908142
0.0904204
0.0932745
0.0942282
0.0972576
0.0987689
0.10062
0.100709
0.0984608
0.0935552
0.0831986
0.0694481
0.0487622
0.0250346
0.0886571
0.0902609
0.0898672
0.092204
0.0929996
0.0951959
0.0962516
0.0969173
0.0962007
0.0925915
0.0867639
0.0755689
0.0614824
0.0414791
0.0189267
0.0882983
0.0896611
0.0892752
0.0910692
0.0916923
0.0930497
0.0936207
0.0931571
0.0916235
0.0868269
0.0801282
0.0683576
0.0540578
0.0348435
0.0135036
0.0879181
0.089015
0.0886425
0.089876
0.0903044
0.0908344
0.0908846
0.0893687
0.0870066
0.0812006
0.0736947
0.0615687
0.0471893
0.0288169
0.00870235
0.0875167
0.0883246
0.0879664
0.0886334
0.088835
0.088567
0.0880557
0.0855793
0.0823838
0.0757403
0.0675094
0.0552028
0.0408787
0.0233647
0.00446237
0.0870944
0.0875935
0.0872438
0.0873519
0.0872864
0.0862645
0.0851505
0.0818138
0.0777938
0.0704689
0.0616147
0.0492592
0.0351149
0.0184552
0.000729521
0.0866518
0.086828
0.0864721
0.0860433
0.085664
0.0839437
0.0821908
0.078095
0.0732788
0.0654066
0.0560454
0.0437381
0.0298776
0.014057
-0.00254325
0.0861891
0.0860366
0.0856503
0.0847192
0.083977
0.0816205
0.079204
0.0744443
0.0688816
0.0605731
0.0508273
0.0386398
0.0251417
0.0101387
-0.0053971
0.085707
0.0852296
0.0847803
0.083391
0.0822393
0.0793108
0.076222
0.0708828
0.0646434
0.0559889
0.0459767
0.0339637
0.0208808
0.00666795
-0.00786905
0.0852069
0.0844185
0.0838668
0.0820694
0.0804698
0.0770304
0.0732804
0.0674329
0.0606017
0.0516756
0.0415027
0.0297069
0.0170694
0.00361318
-0.0099934
0.0846912
0.083616
0.082918
0.080765
0.0786922
0.0747959
0.0704162
0.06412
0.0567888
0.0476549
0.037409
0.0258629
0.0136833
0.00094364
-0.0118025
0.084164
0.082835
0.0819468
0.0794885
0.0769346
0.0726266
0.0676664
0.0609726
0.0532325
0.0439472
0.0336971
0.0224228
0.0106993
-0.00136983
-0.0133267
0.0836319
0.0820886
0.0809705
0.0782513
0.0752283
0.0705455
0.0650665
0.0580225
0.049957
0.0405707
0.0303674
0.019376
0.00809521
-0.00335469
-0.014595
0.0831038
0.0813892
0.0800115
0.0770671
0.0736064
0.0685808
0.0626512
0.0553031
0.0469851
0.0375414
0.0274205
0.0167116
0.00585013
-0.00503661
-0.0156344
0.0825919
0.080749
0.0790959
0.0759528
0.0721024
0.0667664
0.0604546
0.0528487
0.0443393
0.0348737
0.0248573
0.0144201
0.00394497
-0.00643925
-0.0164706
0.0821115
0.08018
0.078253
0.0749307
0.0707501
0.0651409
0.0585124
0.0506941
0.0420439
0.0325829
0.0226808
0.012494
0.00236345
-0.00758378
-0.0171273
0.0816814
0.0796945
0.0775138
0.0740303
0.0695841
0.0637456
0.0568625
0.0488758
0.0401259
0.0306865
0.0208972
0.01093
0.00109335
-0.00848808
-0.0176263
0.0813234
0.0793052
0.0769093
0.0732887
0.0686418
0.0626241
0.0555465
0.0474333
0.038617
0.0292073
0.019518
0.00973022
0.000128249
-0.00916513
-0.0179859
0.0810621
0.0790277
0.076471
0.0727475
0.0679643
0.061823
0.054611
0.0464122
0.0375556
0.0281748
0.0185627
0.00890505
-0.00053025
-0.00962055
-0.0182196
0.0809201
0.078883
0.0762326
0.0724529
0.0675981
0.0613939
0.0541097
0.0458671
0.0369897
0.0276292
0.0180604
0.00847474
-0.000871945
-0.00985296
-0.0183331
0.0922149
0.0956142
0.095127
0.102681
0.104293
0.115846
0.12097
0.137402
0.147905
0.170778
0.189228
0.220709
0.250359
0.293336
0.337032
0.0922105
0.0956068
0.0951229
0.102669
0.104288
0.115826
0.120955
0.137365
0.147861
0.170697
0.189092
0.220494
0.249966
0.292727
0.335968
0.0922018
0.0955921
0.0951149
0.102646
0.104277
0.115785
0.120926
0.137291
0.147773
0.170533
0.188822
0.220064
0.249183
0.291512
0.333843
0.0921886
0.0955701
0.0951028
0.102611
0.10426
0.115728
0.120881
0.137181
0.147642
0.170289
0.188418
0.219419
0.248011
0.289693
0.33066
0.0921711
0.0955409
0.0950865
0.102564
0.104238
0.115649
0.12082
0.137034
0.147468
0.169962
0.187882
0.21856
0.246452
0.287275
0.326427
0.0921492
0.0955046
0.095066
0.102507
0.104212
0.115559
0.120744
0.136852
0.147252
0.169555
0.187215
0.217487
0.244511
0.284266
0.321154
0.0921228
0.0954614
0.0950413
0.102438
0.104177
0.115432
0.120653
0.136635
0.146993
0.169067
0.186421
0.216201
0.242192
0.280671
0.314854
0.092092
0.0954114
0.0950121
0.102358
0.104136
0.115299
0.120547
0.136384
0.146692
0.1685
0.185501
0.214703
0.239503
0.276499
0.307542
0.0920568
0.0953549
0.0949783
0.102268
0.104087
0.115147
0.120426
0.1361
0.14635
0.167853
0.184459
0.212994
0.236451
0.271757
0.299239
0.0920172
0.0952921
0.0949399
0.102168
0.104031
0.114979
0.120289
0.135785
0.145968
0.167127
0.183297
0.211074
0.233043
0.266456
0.289969
0.0919731
0.0952232
0.0948967
0.102058
0.103966
0.114795
0.120137
0.13544
0.145545
0.166326
0.182019
0.208943
0.22929
0.260605
0.279758
0.0919245
0.0951484
0.0948488
0.101938
0.103893
0.114597
0.11997
0.135065
0.145082
0.165449
0.180628
0.206604
0.225202
0.254213
0.268638
0.0918715
0.095068
0.094796
0.101809
0.103812
0.114385
0.119787
0.134663
0.144579
0.1645
0.179126
0.204058
0.220791
0.247289
0.25664
0.091814
0.0949824
0.094735
0.101666
0.103721
0.114161
0.119587
0.134235
0.144037
0.16348
0.177515
0.201305
0.21607
0.239842
0.243802
0.091752
0.0948925
0.0946595
0.101529
0.10362
0.113924
0.119372
0.133782
0.143457
0.162393
0.175798
0.19835
0.211051
0.231877
0.230162
0.0916856
0.0947984
0.09464
0.101386
0.103511
0.113676
0.119141
0.133306
0.142837
0.161239
0.173974
0.195195
0.205748
0.223397
0.215759
0.0916147
0.094699
0.0945542
0.101222
0.103393
0.113416
0.118891
0.132805
0.142174
0.160015
0.17204
0.191837
0.200172
0.214405
0.200634
0.0915393
0.0945946
0.0944732
0.101057
0.10327
0.113151
0.118634
0.132292
0.141486
0.158746
0.170019
0.188309
0.194351
0.204918
0.184829
0.0914598
0.0944856
0.0943928
0.100894
0.103148
0.112897
0.118388
0.131808
0.140818
0.157502
0.167967
0.184687
0.188292
0.194882
0.168274
0.091376
0.0943707
0.0942951
0.1007
0.102983
0.112574
0.118044
0.131179
0.139945
0.155968
0.165533
0.18052
0.181654
0.183947
0.150849
0.091376
0.0943707
0.0942951
0.1007
0.102983
0.112574
0.118044
0.131179
0.139945
0.155968
0.165533
0.18052
0.181654
0.183947
0.150849
0.0914598
0.0944856
0.0943927
0.100894
0.103148
0.112897
0.118388
0.131808
0.140818
0.157502
0.167967
0.184687
0.188292
0.194882
0.168274
0.0915393
0.0945946
0.0944732
0.101057
0.10327
0.113151
0.118634
0.132292
0.141486
0.158746
0.170019
0.188309
0.194351
0.204917
0.184829
0.0916147
0.094699
0.0945542
0.101222
0.103393
0.113416
0.118891
0.132805
0.142174
0.160015
0.17204
0.191837
0.200172
0.214405
0.200634
0.0916856
0.0947984
0.0946399
0.101386
0.103511
0.113676
0.119141
0.133306
0.142837
0.161239
0.173974
0.195195
0.205748
0.223397
0.215759
0.091752
0.0948925
0.0946594
0.101529
0.10362
0.113924
0.119372
0.133782
0.143457
0.162393
0.175798
0.19835
0.211051
0.231877
0.230162
0.091814
0.0949824
0.094735
0.101666
0.103721
0.114161
0.119587
0.134235
0.144037
0.16348
0.177515
0.201305
0.21607
0.239842
0.243802
0.0918715
0.095068
0.094796
0.101809
0.103812
0.114385
0.119787
0.134663
0.144579
0.1645
0.179126
0.204058
0.220791
0.247289
0.25664
0.0919245
0.0951484
0.0948488
0.101938
0.103893
0.114597
0.11997
0.135065
0.145082
0.165449
0.180628
0.206604
0.225202
0.254213
0.268638
0.0919731
0.0952232
0.0948967
0.102058
0.103966
0.114795
0.120137
0.13544
0.145545
0.166326
0.182019
0.208943
0.22929
0.260605
0.279758
0.0920172
0.0952921
0.0949399
0.102168
0.104031
0.114979
0.120289
0.135785
0.145968
0.167127
0.183297
0.211074
0.233043
0.266456
0.289969
0.0920568
0.0953549
0.0949783
0.102268
0.104087
0.115147
0.120426
0.1361
0.14635
0.167853
0.184459
0.212994
0.236451
0.271757
0.299239
0.092092
0.0954114
0.0950121
0.102358
0.104136
0.115299
0.120547
0.136384
0.146692
0.1685
0.185501
0.214703
0.239503
0.276499
0.307542
0.0921228
0.0954614
0.0950413
0.102438
0.104177
0.115432
0.120653
0.136635
0.146993
0.169067
0.186421
0.216201
0.242192
0.280671
0.314854
0.0921492
0.0955046
0.095066
0.102507
0.104212
0.115559
0.120744
0.136852
0.147252
0.169555
0.187215
0.217487
0.244511
0.284266
0.321154
0.0921711
0.0955409
0.0950865
0.102564
0.104238
0.115649
0.12082
0.137034
0.147468
0.169962
0.187882
0.21856
0.246452
0.287275
0.326427
0.0921886
0.0955701
0.0951028
0.102611
0.10426
0.115728
0.120881
0.137181
0.147642
0.170289
0.188418
0.219419
0.248011
0.289693
0.33066
0.0922018
0.0955921
0.0951149
0.102646
0.104277
0.115785
0.120926
0.137291
0.147773
0.170533
0.188822
0.220064
0.249183
0.291512
0.333843
0.0922105
0.0956068
0.0951229
0.102669
0.104288
0.115826
0.120955
0.137365
0.147861
0.170697
0.189092
0.220494
0.249966
0.292727
0.335968
0.0922149
0.0956142
0.095127
0.102681
0.104293
0.115846
0.12097
0.137402
0.147905
0.170778
0.189228
0.220709
0.250359
0.293336
0.337032
0.0809201
0.078883
0.0762326
0.0724529
0.0675981
0.0613938
0.0541097
0.045867
0.0369897
0.0276292
0.0180603
0.00847471
-0.000871981
-0.00985299
-0.0183331
0.0810621
0.0790277
0.076471
0.0727475
0.0679643
0.061823
0.0546109
0.0464122
0.0375555
0.0281748
0.0185627
0.00890502
-0.000530286
-0.00962059
-0.0182197
0.0813234
0.0793051
0.0769093
0.0732887
0.0686417
0.0626241
0.0555465
0.0474333
0.038617
0.0292072
0.019518
0.00973018
0.000128212
-0.00916517
-0.017986
0.0816814
0.0796945
0.0775138
0.0740303
0.0695841
0.0637456
0.0568625
0.0488757
0.0401259
0.0306865
0.0208972
0.01093
0.00109331
-0.00848812
-0.0176263
0.0821115
0.08018
0.078253
0.0749307
0.0707501
0.0651408
0.0585124
0.0506941
0.0420439
0.0325829
0.0226808
0.012494
0.00236342
-0.00758382
-0.0171274
0.0825919
0.080749
0.0790959
0.0759528
0.0721023
0.0667664
0.0604546
0.0528487
0.0443393
0.0348737
0.0248573
0.01442
0.00394493
-0.00643929
-0.0164706
0.0831038
0.0813892
0.0800115
0.0770671
0.0736063
0.0685808
0.0626512
0.0553031
0.046985
0.0375413
0.0274204
0.0167116
0.00585009
-0.00503665
-0.0156345
0.0836319
0.0820886
0.0809705
0.0782513
0.0752283
0.0705455
0.0650665
0.0580225
0.049957
0.0405707
0.0303674
0.0193759
0.00809517
-0.00335473
-0.014595
0.084164
0.082835
0.0819467
0.0794885
0.0769346
0.0726266
0.0676664
0.0609726
0.0532324
0.0439471
0.0336971
0.0224228
0.0106992
-0.00136987
-0.0133268
0.0846912
0.083616
0.082918
0.080765
0.0786922
0.0747959
0.0704162
0.0641199
0.0567888
0.0476548
0.0374089
0.0258629
0.0136832
0.000943598
-0.0118025
0.0852069
0.0844185
0.0838668
0.0820694
0.0804698
0.0770303
0.0732803
0.0674329
0.0606017
0.0516755
0.0415026
0.0297068
0.0170694
0.00361314
-0.00999345
0.085707
0.0852296
0.0847803
0.083391
0.0822393
0.0793108
0.076222
0.0708828
0.0646434
0.0559888
0.0459767
0.0339637
0.0208808
0.00666791
-0.00786909
0.0861891
0.0860366
0.0856503
0.0847192
0.083977
0.0816205
0.079204
0.0744443
0.0688816
0.060573
0.0508273
0.0386398
0.0251417
0.0101386
-0.00539714
0.0866518
0.086828
0.0864721
0.0860433
0.085664
0.0839436
0.0821908
0.078095
0.0732787
0.0654066
0.0560454
0.0437381
0.0298776
0.014057
-0.00254329
0.0870944
0.0875935
0.0872438
0.0873519
0.0872864
0.0862645
0.0851505
0.0818138
0.0777938
0.0704689
0.0616146
0.0492592
0.0351148
0.0184551
0.000729478
0.0875167
0.0883245
0.0879663
0.0886334
0.088835
0.088567
0.0880557
0.0855793
0.0823838
0.0757403
0.0675093
0.0552027
0.0408786
0.0233647
0.00446233
0.0879181
0.089015
0.0886425
0.089876
0.0903044
0.0908344
0.0908846
0.0893687
0.0870066
0.0812006
0.0736946
0.0615686
0.0471893
0.0288168
0.00870231
0.0882983
0.0896611
0.0892752
0.0910691
0.0916923
0.0930497
0.0936207
0.0931571
0.0916235
0.0868269
0.0801282
0.0683575
0.0540577
0.0348435
0.0135036
0.0886571
0.0902609
0.0898672
0.092204
0.0929996
0.0951958
0.0962516
0.0969173
0.0962007
0.0925915
0.0867639
0.0755689
0.0614824
0.0414791
0.0189266
0.0889944
0.0908142
0.0904204
0.0932745
0.0942282
0.0972576
0.0987689
0.10062
0.100709
0.0984607
0.0935552
0.0831986
0.0694481
0.0487621
0.0250346
0.0893101
0.0913217
0.0909366
0.094277
0.0953804
0.0992223
0.101168
0.104235
0.105124
0.104393
0.100458
0.0912354
0.0779287
0.056737
0.0318869
0.0896045
0.0917852
0.0914172
0.0952098
0.0964583
0.10108
0.103446
0.107735
0.109425
0.110341
0.10743
0.0996579
0.0868924
0.0654551
0.0395342
0.089878
0.0922068
0.0918636
0.096073
0.0974636
0.102826
0.105603
0.111097
0.113595
0.116251
0.114432
0.108428
0.0963058
0.0749742
0.0480197
0.0901311
0.0925891
0.092277
0.0968681
0.0983984
0.104456
0.107636
0.114301
0.117619
0.12207
0.121426
0.117489
0.106134
0.0853517
0.0573888
0.0903644
0.0929349
0.0926586
0.0975972
0.0992646
0.105971
0.109545
0.117332
0.121484
0.127749
0.128373
0.126767
0.116335
0.0966272
0.0676854
0.0905787
0.0932468
0.0930098
0.0982637
0.100064
0.107371
0.111331
0.120184
0.125178
0.133245
0.135239
0.136185
0.126871
0.1088
0.0788689
0.0907749
0.0935276
0.093332
0.0988711
0.100801
0.108662
0.112995
0.122853
0.128698
0.138528
0.142001
0.145663
0.137726
0.121835
0.0906409
0.090954
0.0937795
0.0936275
0.0994228
0.101481
0.109848
0.114546
0.125341
0.13204
0.143569
0.148628
0.155099
0.148899
0.135758
0.102377
0.0911169
0.0940044
0.0938955
0.0999187
0.102099
0.110925
0.115971
0.127627
0.135162
0.148297
0.15501
0.164317
0.160326
0.150912
0.114061
0.091263
0.0942071
0.0941273
0.100358
0.102624
0.11187
0.117196
0.129654
0.137923
0.152604
0.160919
0.173196
0.17189
0.1682
0.129323
-0.0234243
-0.0252627
-0.0271003
-0.0289313
-0.0307617
-0.0325959
-0.0344339
-0.0362737
-0.0381131
-0.0399505
-0.0417848
-0.0436148
-0.0454394
-0.0472573
-0.0490672
-0.0508679
-0.0526581
-0.0544363
-0.056201
-0.0579536
-0.023377
-0.0252246
-0.0270691
-0.0289076
-0.030748
-0.032595
-0.0344482
-0.0363054
-0.0381643
-0.0400235
-0.0418816
-0.0437376
-0.0455901
-0.0474378
-0.0492792
-0.0511132
-0.0529383
-0.0547533
-0.0565574
-0.0583487
-0.0232789
-0.0251628
-0.027041
-0.0289154
-0.0307955
-0.0326852
-0.0345834
-0.036487
-0.0383939
-0.0403024
-0.0422113
-0.0441192
-0.0460246
-0.0479261
-0.0498221
-0.0517111
-0.0535914
-0.0554614
-0.0573199
-0.0591666
-0.0231201
-0.0250665
-0.0270021
-0.0289343
-0.0308751
-0.0328283
-0.0347916
-0.0367616
-0.0387359
-0.0407129
-0.0426914
-0.0446698
-0.0466468
-0.0486205
-0.0505895
-0.052552
-0.0545066
-0.0564517
-0.0583864
-0.0603094
-0.0228827
-0.0249174
-0.0269346
-0.0289468
-0.0309696
-0.0330072
-0.0350569
-0.0371143
-0.0391769
-0.0412431
-0.0433116
-0.045381
-0.0474496
-0.0495157
-0.0515776
-0.0536336
-0.0556819
-0.0577209
-0.05975
-0.0617679
-0.0225457
-0.0246949
-0.0268194
-0.0289344
-0.0310602
-0.0332028
-0.0353591
-0.0375243
-0.0396952
-0.0418703
-0.0440483
-0.0462276
-0.0484066
-0.0505836
-0.0527567
-0.0549242
-0.0570842
-0.059235
-0.0613768
-0.0635079
-0.0220865
-0.0243773
-0.0266368
-0.0288785
-0.0311284
-0.0333965
-0.03568
-0.0379735
-0.0402731
-0.042577
-0.0448839
-0.0471924
-0.0495009
-0.0518074
-0.0541102
-0.0564075
-0.0586973
-0.0609778
-0.0632499
-0.065512
-0.0214811
-0.0239426
-0.0263673
-0.0287612
-0.031157
-0.0335713
-0.0360031
-0.038446
-0.0408951
-0.0433482
-0.0458039
-0.0482611
-0.050718
-0.053173
-0.055624
-0.0580693
-0.0605067
-0.0629342
-0.0653543
-0.0677651
-0.0207044
-0.023368
-0.0259917
-0.0285652
-0.0311295
-0.0337114
-0.0363134
-0.0389279
-0.0415483
-0.0441715
-0.0467966
-0.0494224
-0.0520475
-0.0546701
-0.0572883
-0.0599
-0.062503
-0.0650947
-0.0676801
-0.0702572
-0.0197306
-0.0226304
-0.0254908
-0.0282737
-0.0310304
-0.0338024
-0.0365975
-0.039407
-0.0422216
-0.0450373
-0.0478531
-0.0506684
-0.0534819
-0.0562919
-0.0590965
-0.0618935
-0.0646805
-0.0674532
-0.0702215
-0.0729832
-0.0185327
-0.0217061
-0.0248458
-0.0278708
-0.0308452
-0.0338308
-0.0368438
-0.0398733
-0.0429067
-0.0459382
-0.0489672
-0.0519938
-0.0550173
-0.0580358
-0.0610469
-0.0640477
-0.067035
-0.0700031
-0.0729713
-0.0759368
-0.0170824
-0.0205711
-0.0240378
-0.0273412
-0.0305601
-0.0337846
-0.0370418
-0.0403183
-0.0435963
-0.0468681
-0.0501336
-0.0533943
-0.0566504
-0.059901
-0.0631451
-0.0663799
-0.0695993
-0.0727694
-0.0759497
-0.0791337
-0.01535
-0.0191997
-0.0230479
-0.0266698
-0.0301625
-0.0336531
-0.0371835
-0.0407364
-0.0442869
-0.0478244
-0.0513495
-0.0548644
-0.0583693
-0.0618619
-0.0653391
-0.0687997
-0.0722466
-0.0757186
-0.0791653
-0.0825855
-0.0133031
-0.0175649
-0.021856
-0.0258415
-0.0296399
-0.0334268
-0.037263
-0.0411257
-0.0449805
-0.0488139
-0.0526277
-0.0564265
-0.0602116
-0.0639818
-0.0677349
-0.07147
-0.0751872
-0.0789038
-0.0826023
-0.0862776
-0.0109066
-0.0156367
-0.0204404
-0.0248395
-0.0289786
-0.0330952
-0.0372736
-0.0414829
-0.0456768
-0.0498379
-0.0539702
-0.0580809
-0.0621725
-0.0662432
-0.0702902
-0.0743118
-0.0783073
-0.0822991
-0.0862748
-0.0902268
-0.00812132
-0.0133822
-0.018777
-0.0236453
-0.0281633
-0.0326466
-0.037208
-0.041805
-0.0463758
-0.0508988
-0.0553814
-0.0598344
-0.0642608
-0.0686587
-0.0730246
-0.0773563
-0.081652
-0.0859418
-0.0902155
-0.0944623
-0.00490468
-0.0107662
-0.01684
-0.0222383
-0.0271769
-0.0320687
-0.0370597
-0.0420905
-0.0470798
-0.0520024
-0.0568706
-0.0616994
-0.0664925
-0.0712472
-0.075959
-0.0806251
-0.08524
-0.0898497
-0.0944438
-0.0990054
-0.00121077
-0.0077516
-0.0146017
-0.0205951
-0.0259999
-0.0313482
-0.0368223
-0.0423384
-0.0477919
-0.0531551
-0.0584479
-0.0636901
-0.068886
-0.0740311
-0.0791184
-0.0841414
-0.0890905
-0.0940419
-0.0989804
-0.103878
0.00300814
-0.00430059
-0.0120315
-0.0186886
-0.0246098
-0.0304706
-0.036489
-0.0425477
-0.0485151
-0.0543635
-0.0601226
-0.0658178
-0.0714547
-0.0770316
-0.0825452
-0.0879865
-0.0932806
-0.0985904
-0.103886
-0.109128
0.00779968
-0.000374587
-0.00909551
-0.0164867
-0.0229807
-0.0294198
-0.0360532
-0.0427183
-0.0492544
-0.0556378
-0.0619089
-0.0680952
-0.0741967
-0.0802026
-0.0861088
-0.0919264
-0.0977731
-0.103535
-0.109202
-0.114791
0.013209
0.00406529
-0.00575501
-0.0139512
-0.0210822
-0.0281774
-0.0355063
-0.0428483
-0.0500151
-0.0569928
-0.0638356
-0.0705732
-0.0772036
-0.0837166
-0.0901117
-0.0963968
-0.102669
-0.108851
-0.114919
-0.120889
0.0192763
0.00905707
-0.00196704
-0.0110379
-0.018879
-0.0267213
-0.0348355
-0.042931
-0.0507969
-0.0584364
-0.0659178
-0.0732694
-0.0804839
-0.087548
-0.0944591
-0.101218
-0.107948
-0.114584
-0.121089
-0.127466
0.0260359
0.014636
0.00231493
-0.00769607
-0.0163313
-0.0250258
-0.0340231
-0.0429528
-0.0515921
-0.0599691
-0.068163
-0.0761965
-0.0840557
-0.0917242
-0.0991945
-0.106459
-0.11369
-0.120819
-0.127784
-0.134583
0.033519
0.0208373
0.00714476
-0.00386689
-0.0133955
-0.0230629
-0.0330468
-0.0428949
-0.0523901
-0.0615906
-0.0705796
-0.0793695
-0.0879445
-0.0962944
-0.104413
-0.112221
-0.119995
-0.127636
-0.13507
-0.142302
0.0417599
0.0277105
0.0126002
0.000525866
-0.0100209
-0.0207998
-0.0318773
-0.0427321
-0.0531775
-0.0633015
-0.0731768
-0.0827955
-0.0921298
-0.10117
-0.109928
-0.118528
-0.126954
-0.135121
-0.143024
-0.150693
0.0507803
0.0353321
0.0188023
0.0055886
-0.00614097
-0.0181893
-0.0304695
-0.0424266
-0.0539339
-0.0651002
-0.0759736
-0.0865251
-0.0967169
-0.106537
-0.116001
-0.125437
-0.134558
-0.143297
-0.151702
-0.159826
0.0605133
0.0437656
0.0259003
0.0114591
-0.00166566
-0.0151635
-0.0287609
-0.0419326
-0.0546358
-0.0669806
-0.0789809
-0.0905959
-0.101789
-0.112536
-0.122814
-0.132995
-0.142831
-0.15221
-0.161175
-0.169786
0.0706503
0.0528937
0.033975
0.0182742
0.00352807
-0.01159
-0.0266171
-0.0411424
-0.0552044
-0.0688816
-0.0821504
-0.094966
-0.107293
-0.119104
-0.130275
-0.141312
-0.151917
-0.161971
-0.171535
-0.180668
0.0806111
0.0622013
0.0427915
0.0258658
0.0093013
-0.00753539
-0.0240811
-0.0401093
-0.0556906
-0.0708451
-0.085529
-0.0997007
-0.113305
-0.126243
-0.138661
-0.150621
-0.161935
-0.172636
-0.182809
-0.192484
0.0901822
0.0717756
0.052769
0.0346377
0.0162588
-0.00221766
-0.0203407
-0.0380183
-0.0552567
-0.0720028
-0.0881934
-0.103785
-0.118765
-0.13314
-0.147458
-0.160699
-0.172894
-0.184333
-0.195148
-0.205353
-0.0596929
-0.0614169
-0.063124
-0.0648132
-0.066484
-0.0681353
-0.0697666
-0.0713768
-0.0729653
-0.0745313
-0.0760742
-0.0775932
-0.0790877
-0.080557
-0.0820007
-0.0834181
-0.0848087
-0.086172
-0.0875081
-0.0888165
-0.0601258
-0.0618875
-0.0636327
-0.0653604
-0.0670694
-0.0687587
-0.0704272
-0.0720739
-0.0736979
-0.0752983
-0.0768742
-0.0784248
-0.0799493
-0.081447
-0.0829171
-0.084359
-0.0857721
-0.0871558
-0.0885104
-0.0898363
-0.0609998
-0.0628178
-0.0646191
-0.0664024
-0.0681666
-0.0699106
-0.0716334
-0.0733339
-0.0750112
-0.0766642
-0.0782923
-0.0798945
-0.08147
-0.0830183
-0.0845386
-0.0860303
-0.0874931
-0.0889263
-0.0903313
-0.0917095
-0.0622188
-0.0641131
-0.0659907
-0.0678505
-0.0696913
-0.0715119
-0.0733113
-0.0750883
-0.0768421
-0.0785715
-0.0802759
-0.0819542
-0.0836059
-0.0852302
-0.0868266
-0.0883943
-0.0899331
-0.0914426
-0.092925
-0.0943833
-0.0637727
-0.0657624
-0.0677357
-0.0696913
-0.071628
-0.0735446
-0.0754402
-0.0773135
-0.0791636
-0.0809896
-0.0827907
-0.0845661
-0.086315
-0.088037
-0.0897313
-0.0913975
-0.0930356
-0.0946451
-0.0962295
-0.0977941
-0.065626
-0.0677293
-0.0698163
-0.0718859
-0.0739368
-0.0759681
-0.0779785
-0.0799671
-0.081933
-0.0838753
-0.0857932
-0.087686
-0.0895531
-0.0913939
-0.0932081
-0.0949952
-0.0967553
-0.0984882
-0.100199
-0.101896
-0.0677615
-0.0699962
-0.0722149
-0.0744164
-0.0765997
-0.0787637
-0.0809074
-0.0830299
-0.0851303
-0.0872079
-0.0892619
-0.0912918
-0.093297
-0.0952772
-0.0972321
-0.0991612
-0.101065
-0.102944
-0.104804
-0.106657
-0.0701635
-0.0725474
-0.0749152
-0.0772662
-0.0795994
-0.0819138
-0.0842086
-0.0864829
-0.0887359
-0.0909671
-0.0931759
-0.0953618
-0.0975245
-0.0996637
-0.101779
-0.103871
-0.10594
-0.107986
-0.110018
-0.112051
-0.0728223
-0.0753727
-0.077907
-0.0804247
-0.082925
-0.0854072
-0.0878705
-0.0903141
-0.0927375
-0.0951402
-0.097522
-0.0998823
-0.102221
-0.104539
-0.106834
-0.109109
-0.111363
-0.113597
-0.115824
-0.118059
-0.0757331
-0.0784675
-0.0811854
-0.0838867
-0.086571
-0.0892379
-0.0918865
-0.0945164
-0.0971273
-0.0997188
-0.102291
-0.104843
-0.107377
-0.10989
-0.112385
-0.114861
-0.11732
-0.119763
-0.122204
-0.124666
-0.0788904
-0.081827
-0.084746
-0.0876481
-0.0905334
-0.0934016
-0.0962523
-0.0990853
-0.1019
-0.104697
-0.107477
-0.110238
-0.112983
-0.115711
-0.118422
-0.121118
-0.123801
-0.126471
-0.129148
-0.131856
-0.082306
-0.0854601
-0.0885959
-0.0917145
-0.0948165
-0.0979018
-0.10097
-0.104022
-0.107056
-0.110075
-0.113077
-0.116064
-0.119036
-0.121994
-0.124939
-0.127872
-0.130796
-0.133712
-0.136642
-0.139617
-0.0859866
-0.0893713
-0.0927395
-0.0960907
-0.0994249
-0.102742
-0.106043
-0.109328
-0.112597
-0.115852
-0.119092
-0.122319
-0.125533
-0.128736
-0.13193
-0.135115
-0.138295
-0.141473
-0.144674
-0.147935
-0.0899319
-0.0935671
-0.0971842
-0.100783
-0.104365
-0.107929
-0.111477
-0.115009
-0.118527
-0.122031
-0.125522
-0.129002
-0.132472
-0.135934
-0.13939
-0.14284
-0.146291
-0.149744
-0.15323
-0.156792
-0.0941539
-0.0980577
-0.10194
-0.105803
-0.109647
-0.113472
-0.11728
-0.121073
-0.124851
-0.128617
-0.132371
-0.136116
-0.139853
-0.143584
-0.147313
-0.15104
-0.154772
-0.158511
-0.162293
-0.16617
-0.0986788
-0.102867
-0.10703
-0.11117
-0.115288
-0.119387
-0.123467
-0.127531
-0.131581
-0.135618
-0.139644
-0.143662
-0.147675
-0.151684
-0.155692
-0.159703
-0.163723
-0.167756
-0.171842
-0.176041
-0.103528
-0.108016
-0.112473
-0.116903
-0.121308
-0.125691
-0.130053
-0.134397
-0.138725
-0.14304
-0.147345
-0.151643
-0.155936
-0.160228
-0.164521
-0.168818
-0.173128
-0.177456
-0.181848
-0.186373
-0.108725
-0.113527
-0.118291
-0.123024
-0.127726
-0.132402
-0.137053
-0.141683
-0.146296
-0.150893
-0.155479
-0.160057
-0.164631
-0.169205
-0.173784
-0.178368
-0.182968
-0.187587
-0.19228
-0.197126
-0.114309
-0.119437
-0.12452
-0.129563
-0.13457
-0.139543
-0.144488
-0.149407
-0.154305
-0.159186
-0.164052
-0.168909
-0.173759
-0.178607
-0.183459
-0.188321
-0.193202
-0.198109
-0.203096
-0.208254
-0.120316
-0.125781
-0.131191
-0.136551
-0.141866
-0.14714
-0.152377
-0.157582
-0.162761
-0.167918
-0.173059
-0.17819
-0.183311
-0.18843
-0.193544
-0.198665
-0.203799
-0.20897
-0.214231
-0.219692
-0.126776
-0.132589
-0.138334
-0.144016
-0.149641
-0.155214
-0.160741
-0.166228
-0.171678
-0.1771
-0.182496
-0.187878
-0.193248
-0.198624
-0.203992
-0.209376
-0.214747
-0.220163
-0.225645
-0.231389
-0.133732
-0.139903
-0.145988
-0.151993
-0.157925
-0.163791
-0.169599
-0.175356
-0.181068
-0.186742
-0.192379
-0.19799
-0.203569
-0.209152
-0.214715
-0.220334
-0.225926
-0.231619
-0.237297
-0.243334
-0.141241
-0.147776
-0.154201
-0.160525
-0.166754
-0.172898
-0.178965
-0.184968
-0.190913
-0.196815
-0.202675
-0.208511
-0.214296
-0.220076
-0.225777
-0.231551
-0.237231
-0.243171
-0.248987
-0.255427
-0.149359
-0.156262
-0.163025
-0.169658
-0.17617
-0.182571
-0.188872
-0.195085
-0.201216
-0.207286
-0.213299
-0.219296
-0.225252
-0.231245
-0.237132
-0.243126
-0.24884
-0.254955
-0.260661
-0.267586
-0.158153
-0.165422
-0.172512
-0.179436
-0.186207
-0.19284
-0.199345
-0.205736
-0.212018
-0.218206
-0.224298
-0.230337
-0.236304
-0.242334
-0.248287
-0.254518
-0.260394
-0.266921
-0.272439
-0.279956
-0.167693
-0.175318
-0.182714
-0.189899
-0.19689
-0.203706
-0.210363
-0.216881
-0.223271
-0.229551
-0.235715
-0.241785
-0.247717
-0.253623
-0.259351
-0.265403
-0.271103
-0.278012
-0.283479
-0.292119
-0.178071
-0.186044
-0.193721
-0.201125
-0.208277
-0.215197
-0.221911
-0.228443
-0.234822
-0.241078
-0.247233
-0.253319
-0.259307
-0.265254
-0.270957
-0.276793
-0.282005
-0.288563
-0.293323
-0.303243
-0.189389
-0.197712
-0.205656
-0.213243
-0.220499
-0.227445
-0.234106
-0.240509
-0.246687
-0.252679
-0.258533
-0.264311
-0.270065
-0.275895
-0.281731
-0.287819
-0.293412
-0.300029
-0.304086
-0.314533
-0.20166
-0.210345
-0.218558
-0.226321
-0.233655
-0.240582
-0.247123
-0.253302
-0.259141
-0.264671
-0.269928
-0.274969
-0.279874
-0.284774
-0.2898
-0.295271
-0.301046
-0.308233
-0.313762
-0.325381
-0.214941
-0.223927
-0.232335
-0.240187
-0.247507
-0.25432
-0.26065
-0.266523
-0.271961
-0.276984
-0.281617
-0.285886
-0.289837
-0.293544
-0.297125
-0.300791
-0.304773
-0.309846
-0.315455
-0.326952
-0.09094
-0.0938349
-0.0966816
-0.0994376
-0.102061
-0.10451
-0.10674
-0.108699
-0.110327
-0.111562
-0.112332
-0.112574
-0.112213
-0.11119
-0.109431
-0.106894
-0.103523
-0.0993152
-0.0942463
-0.0883744
-0.081714
-0.0743974
-0.0664727
-0.0581382
-0.0494372
-0.0405988
-0.031601
-0.0226607
-0.0136195
-0.00466479
-0.0920055
-0.0949603
-0.0978498
-0.100638
-0.103288
-0.105764
-0.108016
-0.109993
-0.11163
-0.112864
-0.113623
-0.11384
-0.113441
-0.112366
-0.110538
-0.107917
-0.104446
-0.100126
-0.0949324
-0.0889296
-0.0821353
-0.0746909
-0.0666473
-0.058214
-0.0494332
-0.0405455
-0.0315198
-0.0225841
-0.0135598
-0.00464685
-0.0939857
-0.0970644
-0.100039
-0.102889
-0.105593
-0.108118
-0.110415
-0.112426
-0.114082
-0.115316
-0.116052
-0.116225
-0.115755
-0.114579
-0.112622
-0.109842
-0.106182
-0.101647
-0.0962169
-0.0899647
-0.0829173
-0.0752297
-0.0669632
-0.0583419
-0.0494146
-0.0404325
-0.0313601
-0.0224298
-0.0134447
-0.00460709
-0.0968133
-0.100068
-0.103163
-0.106101
-0.108882
-0.111479
-0.113839
-0.115898
-0.11758
-0.118813
-0.119517
-0.119623
-0.119049
-0.11773
-0.115586
-0.112576
-0.108643
-0.103797
-0.0980253
-0.0914131
-0.0840016
-0.0759645
-0.06738
-0.0584917
-0.0493592
-0.0402463
-0.0311135
-0.0221949
-0.0132726
-0.00454567
-0.100423
-0.103901
-0.107149
-0.110199
-0.113075
-0.115763
-0.118204
-0.120324
-0.122038
-0.123268
-0.123931
-0.123951
-0.123244
-0.121739
-0.119353
-0.116044
-0.111758
-0.106508
-0.100293
-0.0932143
-0.0853323
-0.0768458
-0.0678552
-0.0586289
-0.0492411
-0.0399689
-0.0307686
-0.0218733
-0.0130408
-0.00446226
-0.104766
-0.108513
-0.111943
-0.115123
-0.118114
-0.12091
-0.123447
-0.12564
-0.127392
-0.128618
-0.12923
-0.129147
-0.128277
-0.126546
-0.123866
-0.120191
-0.11547
-0.109724
-0.102965
-0.0953139
-0.0868576
-0.0778253
-0.0683464
-0.0587183
-0.0490325
-0.0395804
-0.0303124
-0.0214576
-0.0127457
-0.00435589
-0.10981
-0.113868
-0.117504
-0.120832
-0.123952
-0.126871
-0.12952
-0.131796
-0.133592
-0.134813
-0.135365
-0.135162
-0.134103
-0.132106
-0.129078
-0.12497
-0.119733
-0.113397
-0.105991
-0.0976625
-0.0885286
-0.078857
-0.0688121
-0.0587246
-0.048706
-0.0390607
-0.0297316
-0.0209399
-0.0123836
-0.00422543
-0.115527
-0.119935
-0.123798
-0.127286
-0.130548
-0.133605
-0.136378
-0.138748
-0.140594
-0.141811
-0.142297
-0.141958
-0.140684
-0.138384
-0.134956
-0.130348
-0.124511
-0.117489
-0.109331
-0.100215
-0.0902999
-0.0798967
-0.0692122
-0.0586139
-0.0482349
-0.0383905
-0.0290138
-0.0203129
-0.0119512
-0.00406981
-0.121896
-0.126689
-0.130796
-0.134454
-0.137868
-0.141075
-0.143985
-0.146459
-0.148361
-0.149576
-0.149992
-0.149505
-0.147995
-0.145355
-0.141475
-0.136297
-0.129775
-0.121967
-0.112946
-0.102931
-0.0921283
-0.0809024
-0.0695087
-0.0583542
-0.0475947
-0.0375528
-0.0281483
-0.0195705
-0.0114458
-0.00388823
-0.128899
-0.134108
-0.13847
-0.142304
-0.145876
-0.149245
-0.152303
-0.154893
-0.15686
-0.158077
-0.158423
-0.15778
-0.156014
-0.153001
-0.148617
-0.142798
-0.135502
-0.126801
-0.116803
-0.105772
-0.0939737
-0.0818345
-0.069666
-0.0579162
-0.0467637
-0.0365328
-0.0271267
-0.0187084
-0.010866
-0.00368016
-0.13652
-0.14217
-0.146793
-0.150801
-0.154537
-0.158076
-0.161296
-0.164013
-0.166056
-0.167284
-0.167564
-0.166763
-0.164725
-0.161309
-0.156372
-0.149841
-0.141676
-0.131971
-0.120873
-0.108704
-0.095798
-0.0826557
-0.0696511
-0.0572738
-0.0457234
-0.0353189
-0.0259429
-0.0177241
-0.0102111
-0.00344541
-0.144743
-0.150853
-0.155734
-0.159911
-0.16381
-0.167528
-0.170922
-0.173782
-0.175915
-0.177168
-0.177393
-0.176437
-0.17412
-0.170273
-0.164734
-0.157416
-0.148285
-0.137457
-0.125129
-0.111692
-0.0975655
-0.0833311
-0.0694341
-0.056404
-0.0444587
-0.0339026
-0.024594
-0.0166169
-0.00948216
-0.00318414
-0.153549
-0.16013
-0.165258
-0.16959
-0.173651
-0.177555
-0.181138
-0.184158
-0.186401
-0.187699
-0.187888
-0.186789
-0.184191
-0.179893
-0.173704
-0.165523
-0.155321
-0.143244
-0.129548
-0.114707
-0.0992423
-0.0838284
-0.0689883
-0.0552875
-0.0429587
-0.0322789
-0.0230798
-0.0153883
-0.0086811
-0.00289683
-0.162918
-0.169969
-0.175321
-0.17979
-0.184006
-0.188105
-0.191893
-0.195095
-0.197474
-0.198848
-0.199029
-0.197808
-0.194935
-0.190169
-0.183286
-0.174165
-0.162782
-0.14932
-0.134108
-0.11772
-0.100797
-0.0841182
-0.0682905
-0.0539089
-0.0412159
-0.0304462
-0.0214029
-0.0140418
-0.00781124
-0.00258423
-0.172822
-0.18033
-0.185874
-0.190452
-0.194816
-0.199119
-0.203133
-0.206544
-0.209093
-0.21058
-0.210793
-0.209484
-0.206354
-0.201111
-0.19349
-0.183348
-0.170668
-0.155676
-0.138789
-0.120703
-0.1022
-0.0841735
-0.0673209
-0.0522566
-0.0392269
-0.0284062
-0.019569
-0.0125824
-0.006877
-0.00224728
-0.183229
-0.191166
-0.196855
-0.201509
-0.206013
-0.210532
-0.214796
-0.21845
-0.221212
-0.222863
-0.223162
-0.221811
-0.218451
-0.212728
-0.204331
-0.193084
-0.178983
-0.162303
-0.143573
-0.12363
-0.103423
-0.0839705
-0.0660634
-0.0503228
-0.0369921
-0.026164
-0.0175859
-0.0110169
-0.00588386
-0.00188708
-0.194095
-0.202416
-0.208191
-0.212882
-0.217519
-0.222271
-0.226816
-0.230754
-0.233781
-0.235662
-0.236116
-0.234784
-0.231233
-0.225038
-0.215826
-0.20339
-0.187733
-0.169197
-0.148442
-0.126477
-0.10444
-0.0834884
-0.0645061
-0.0481039
-0.0345155
-0.0237272
-0.0154641
-0.00935336
-0.00483817
-0.00150474
-0.205369
-0.21401
-0.219796
-0.224481
-0.229249
-0.234259
-0.239121
-0.243391
-0.24675
-0.248941
-0.249636
-0.2484
-0.244711
-0.238058
-0.227999
-0.214284
-0.196928
-0.176353
-0.153379
-0.129219
-0.105229
-0.0827094
-0.0626404
-0.0455997
-0.0318046
-0.0211065
-0.0132157
-0.00760094
-0.003747
-0.00110137
-0.216991
-0.225861
-0.23157
-0.236208
-0.241113
-0.246412
-0.251634
-0.256294
-0.260065
-0.262663
-0.263704
-0.262656
-0.258896
-0.251811
-0.240876
-0.225789
-0.206581
-0.183768
-0.158369
-0.131833
-0.105768
-0.081619
-0.0604618
-0.0428139
-0.02887
-0.0183146
-0.0108545
-0.00576972
-0.00261795
-0.000677995
-0.228887
-0.237866
-0.243393
-0.247953
-0.253018
-0.258644
-0.264269
-0.269386
-0.273665
-0.276788
-0.278296
-0.277545
-0.273795
-0.266313
-0.254479
-0.237925
-0.2167
-0.191437
-0.163393
-0.134297
-0.106038
-0.080206
-0.0579697
-0.0397539
-0.0257251
-0.0153666
-0.00839544
-0.00387047
-0.00145892
-0.00023557
-0.240964
-0.249887
-0.255128
-0.259602
-0.264865
-0.270855
-0.276928
-0.282578
-0.287475
-0.291255
-0.293367
-0.29304
-0.289396
-0.281569
-0.268819
-0.250701
-0.227288
-0.199349
-0.168434
-0.13659
-0.106022
-0.078463
-0.0551676
-0.0364305
-0.0223862
-0.0122792
-0.00585447
-0.00191456
-0.000277957
0.000225002
-0.253111
-0.261744
-0.266611
-0.271034
-0.276543
-0.282922
-0.289485
-0.295752
-0.301388
-0.305961
-0.308821
-0.309061
-0.30564
-0.297535
-0.283868
-0.2641
-0.238325
-0.207482
-0.173463
-0.138687
-0.105705
-0.0763866
-0.0520633
-0.0328587
-0.0188722
-0.00907102
-0.00324814
8.61134e-05
0.00091691
0.000702786
-0.265138
-0.273184
-0.277651
-0.282112
-0.287908
-0.294678
-0.301766
-0.30874
-0.315235
-0.320739
-0.32449
-0.325443
-0.322378
-0.314088
-0.299528
-0.278045
-0.249753
-0.215787
-0.178444
-0.140563
-0.105077
-0.0739788
-0.04867
-0.0290575
-0.0152049
-0.00576255
-0.000593653
0.00211914
0.00211779
0.0011967
-0.276715
-0.283858
-0.28803
-0.292667
-0.298749
-0.305882
-0.313529
-0.321294
-0.328754
-0.335311
-0.340084
-0.341894
-0.339332
-0.330979
-0.315591
-0.292376
-0.261451
-0.224178
-0.18332
-0.142187
-0.104129
-0.0712474
-0.0450071
-0.025051
-0.0114091
-0.00237623
0.00209119
0.00417156
0.00331702
0.00170532
-0.28741
-0.293345
-0.297516
-0.30247
-0.308774
-0.31622
-0.324453
-0.333066
-0.341563
-0.349264
-0.355169
-0.357972
-0.356069
-0.347808
-0.331713
-0.306818
-0.273216
-0.232517
-0.18801
-0.143523
-0.102857
-0.0682079
-0.0411009
-0.020869
-0.00751323
0.0010633
0.00478791
0.0062298
0.00450714
0.00222676
-0.296578
-0.301259
-0.305889
-0.311213
-0.317608
-0.325322
-0.334152
-0.343626
-0.353185
-0.36208
-0.369197
-0.373117
-0.372029
-0.364044
-0.347428
-0.32099
-0.284764
-0.240618
-0.192409
-0.144528
-0.10126
-0.0648846
-0.0369858
-0.0165476
-0.00354926
0.0045291
0.00747731
0.00827957
0.00568089
0.00275845
-0.303322
-0.307339
-0.312948
-0.318524
-0.324867
-0.332833
-0.342245
-0.352546
-0.363147
-0.373245
-0.381627
-0.386766
-0.386633
-0.379123
-0.362215
-0.334453
-0.295756
-0.248258
-0.196396
-0.145161
-0.0993461
-0.061311
-0.0327043
-0.012129
0.000447259
0.00799219
0.0101398
0.0103062
0.00683142
0.0032971
-0.307428
-0.311634
-0.318471
-0.324043
-0.330282
-0.33851
-0.348459
-0.359528
-0.371132
-0.382414
-0.392083
-0.398525
-0.399467
-0.392623
-0.375661
-0.346829
-0.305884
-0.255219
-0.199851
-0.145383
-0.0971305
-0.0575307
-0.0283064
-0.00766087
0.00443903
0.0114238
0.0127576
0.0122966
0.00795382
0.00383957
-0.309643
-0.314543
-0.322195
-0.327621
-0.333889
-0.342409
-0.352834
-0.36461
-0.377171
-0.389614
-0.400539
-0.408303
-0.410397
-0.404378
-0.387583
-0.357933
-0.314982
-0.261385
-0.20271
-0.145188
-0.0946447
-0.0535937
-0.0238419
-0.00318657
0.00839417
0.0147997
0.0153161
0.0142398
0.00904386
0.00438341
-0.311423
-0.317048
-0.324417
-0.329832
-0.336369
-0.345202
-0.356032
-0.368408
-0.381771
-0.395191
-0.407365
-0.416117
-0.419194
-0.413965
-0.397443
-0.367225
-0.322601
-0.266437
-0.20478
-0.144471
-0.091837
-0.0494824
-0.0193187
0.00126705
0.0122733
0.0180772
0.0177752
0.016105
0.0100805
0.0049203
-0.32499
-0.322497
-0.326364
-0.331591
-0.338304
-0.347334
-0.358384
-0.371028
-0.384695
-0.398424
-0.41084
-0.420137
-0.423466
-0.418436
-0.401942
-0.371387
-0.325849
-0.268246
-0.20487
-0.1429
-0.0890364
-0.0459166
-0.0156033
0.0048393
0.0153367
0.0206547
0.0196992
0.0175796
0.0108949
0.00536161
-0.326285
-0.325247
-0.328289
-0.333987
-0.341224
-0.350713
-0.362197
-0.375255
-0.389288
-0.403294
-0.415848
-0.424701
-0.427708
-0.422093
-0.404621
-0.372678
-0.325427
-0.266126
-0.201373
-0.138554
-0.0844029
-0.0414163
-0.0115754
0.00829559
0.0181152
0.0228594
0.021305
0.0187694
0.0115503
0.00571817
-0.326519
-0.326755
-0.330012
-0.336287
-0.344086
-0.354042
-0.365945
-0.379368
-0.393674
-0.407806
-0.420248
-0.42895
-0.431473
-0.424978
-0.406237
-0.372587
-0.32333
-0.262167
-0.196076
-0.132678
-0.0786017
-0.0361434
-0.0070746
0.01199
0.0210041
0.025087
0.0229071
0.0199361
0.0121937
0.00607073
-0.327222
-0.327999
-0.331729
-0.338495
-0.346773
-0.357129
-0.369379
-0.383089
-0.397582
-0.411759
-0.424061
-0.432477
-0.43446
-0.427117
-0.407217
-0.37204
-0.320999
-0.258181
-0.190898
-0.126993
-0.0729962
-0.031039
-0.00270316
0.0155876
0.0238245
0.0272649
0.0244765
0.0210815
0.0128282
0.00642269
-0.327807
-0.32919
-0.3335
-0.340697
-0.3494
-0.360114
-0.372661
-0.386594
-0.401202
-0.415346
-0.427434
-0.435418
-0.436795
-0.428585
-0.407535
-0.37091
-0.31824
-0.253969
-0.185682
-0.121398
-0.067539
-0.0260881
0.00153531
0.0190803
0.026567
0.0293865
0.0260085
0.0222023
0.0134511
0.00677244
-0.32842
-0.330393
-0.335309
-0.34287
-0.351945
-0.36297
-0.375759
-0.38985
-0.404498
-0.418531
-0.430332
-0.437871
-0.43849
-0.429361
-0.40713
-0.369084
-0.314882
-0.249316
-0.180201
-0.11569
-0.062074
-0.0211905
0.00569728
0.022492
0.0292386
0.031449
0.0274977
0.0232919
0.0140585
0.00711746
-0.329147
-0.331653
-0.337125
-0.344977
-0.354366
-0.365647
-0.378616
-0.392798
-0.407413
-0.421258
-0.432696
-0.43962
-0.439522
-0.429424
-0.405995
-0.366567
-0.310951
-0.244263
-0.174493
-0.109901
-0.0566256
-0.016367
0.009765
0.0258058
0.0318252
0.03344
0.0289353
0.0243432
0.0146468
0.00745539
-0.329987
-0.332947
-0.338895
-0.34697
-0.356613
-0.368091
-0.381179
-0.395383
-0.409895
-0.423485
-0.434496
-0.440803
-0.439886
-0.428771
-0.404139
-0.363385
-0.306501
-0.238881
-0.168641
-0.104114
-0.051264
-0.0116733
0.0136968
0.0289912
0.0343055
0.0353445
0.0303113
0.0253495
0.0152127
0.00778381
-0.330902
-0.334218
-0.340555
-0.348791
-0.35863
-0.370244
-0.383388
-0.397551
-0.411895
-0.425167
-0.435696
-0.44135
-0.439573
-0.427413
-0.401581
-0.359577
-0.301583
-0.23323
-0.162712
-0.0983909
-0.0460458
-0.00715607
0.0174558
0.0320205
0.0366594
0.0371482
0.0316159
0.0263036
0.0157526
0.00810012
-0.331818
-0.335387
-0.342042
-0.350383
-0.360362
-0.372051
-0.38519
-0.399251
-0.41337
-0.426273
-0.436278
-0.441239
-0.438586
-0.42537
-0.398361
-0.3552
-0.296266
-0.227383
-0.156774
-0.0927927
-0.041022
-0.00285687
0.0210094
0.0348685
0.0388684
0.0388377
0.0328399
0.027199
0.0162629
0.00840156
-0.332723
-0.336345
-0.343302
-0.351696
-0.36176
-0.373468
-0.386547
-0.400451
-0.414297
-0.426794
-0.436249
-0.440494
-0.436949
-0.422686
-0.394545
-0.350338
-0.29064
-0.221429
-0.150907
-0.0873859
-0.0362458
0.0011829
0.024326
0.0375117
0.0409155
0.0404002
0.0339746
0.0280291
0.01674
0.00868533
-0.333642
-0.337024
-0.344283
-0.352701
-0.362798
-0.374473
-0.387442
-0.401143
-0.414675
-0.426735
-0.435611
-0.439131
-0.434731
-0.419453
-0.390268
-0.345124
-0.284817
-0.215467
-0.145201
-0.0822415
-0.0317715
0.00492274
0.0273756
0.0399282
0.0427848
0.0418246
0.0350118
0.028788
0.0171806
0.00894866
-0.333637
-0.337734
-0.344928
-0.353379
-0.363468
-0.375068
-0.387888
-0.401352
-0.414545
-0.426153
-0.434447
-0.437259
-0.432007
-0.415755
-0.385573
-0.33966
-0.279032
-0.209611
-0.139746
-0.0774323
-0.0276516
0.00832527
0.0301315
0.0420992
0.044463
0.0431011
0.0359448
0.0294707
0.0175813
0.00918894
-0.333586
-0.33813
-0.345297
-0.353747
-0.363794
-0.375287
-0.38793
-0.401134
-0.413975
-0.425129
-0.432855
-0.434989
-0.428923
-0.411769
-0.380703
-0.33411
-0.27323
-0.204114
-0.13464
-0.07303
-0.0239352
0.0113578
0.0325715
0.0440101
0.0459398
0.0442226
0.0367679
0.030073
0.0179392
0.00940379
-0.333427
-0.33827
-0.34542
-0.353847
-0.363827
-0.375193
-0.387644
-0.40058
-0.413071
-0.423784
-0.430971
-0.432474
-0.425651
-0.407684
-0.375854
-0.328725
-0.267721
-0.198926
-0.130035
-0.069101
-0.0206661
0.0139934
0.0346786
0.0456504
0.047208
0.0451841
0.0374772
0.0305918
0.0182515
0.00959115
-0.333141
-0.338224
-0.345349
-0.353742
-0.363643
-0.374875
-0.387133
-0.399809
-0.411968
-0.422272
-0.428968
-0.429902
-0.422398
-0.403724
-0.37125
-0.323719
-0.262713
-0.194264
-0.125994
-0.0657044
-0.0178816
0.0162113
0.036441
0.0470147
0.0482634
0.0459831
0.0380697
0.031025
0.0185158
0.00974934
-0.332786
-0.338061
-0.345157
-0.353512
-0.363333
-0.374437
-0.386516
-0.398957
-0.410821
-0.420765
-0.427038
-0.427485
-0.419398
-0.400135
-0.367145
-0.319325
-0.258389
-0.190312
-0.122586
-0.0629145
-0.0156129
0.017997
0.0378521
0.0481012
0.049105
0.0466193
0.0385441
0.0313717
0.01873
0.00987711
-0.332436
-0.337853
-0.344922
-0.353242
-0.362993
-0.373987
-0.385915
-0.398162
-0.409785
-0.419439
-0.425375
-0.425435
-0.416883
-0.397167
-0.36379
-0.315775
-0.254937
-0.187202
-0.119949
-0.0607572
-0.0138866
0.0193414
0.0389096
0.0489115
0.0497335
0.0470938
0.0388997
0.0316314
0.0188923
0.00997355
-0.332158
-0.33767
-0.344718
-0.353011
-0.362709
-0.373624
-0.385443
-0.397551
-0.409004
-0.418452
-0.424154
-0.423946
-0.415068
-0.395044
-0.361409
-0.313276
-0.252527
-0.185051
-0.118149
-0.0592883
-0.0127241
0.0202393
0.0396135
0.0494488
0.0501508
0.0474085
0.0391365
0.0318043
0.0190012
0.0100381
-0.332004
-0.337565
-0.3446
-0.352879
-0.362549
-0.373421
-0.385185
-0.39722
-0.408584
-0.417926
-0.423508
-0.423161
-0.414116
-0.393936
-0.360172
-0.311984
-0.251288
-0.183951
-0.117234
-0.0585468
-0.012139
0.0206886
0.039965
0.0497165
0.0503588
0.0475653
0.0392549
0.0318906
0.019056
0.0100705
)
;

boundaryField
{
    inlet
    {
        type            zeroGradient;
    }
    outlet
    {
        type            fixedValue;
        value           uniform 0;
    }
    cylinder
    {
        type            zeroGradient;
    }
    top
    {
        type            symmetryPlane;
    }
    bottom
    {
        type            symmetryPlane;
    }
    defaultFaces
    {
        type            empty;
    }
}


// ************************************************************************* //
