/*--------------------------------*- C++ -*----------------------------------*\
  =========                 |
  \\      /  F ield         | OpenFOAM: The Open Source CFD Toolbox
   \\    /   O peration     | Website:  https://openfoam.org
    \\  /    A nd           | Version:  7
     \\/     M anipulation  |
\*---------------------------------------------------------------------------*/
FoamFile
{
    version     2.0;
    format      ascii;
    class       volScalarField;
    location    "15";
    object      p;
}
// * * * * * * * * * * * * * * * * * * * * * * * * * * * * * * * * * * * * * //

dimensions      [0 2 -2 0 0 0 0];

internalField   nonuniform List<scalar> 
8500
(
-0.288602
-0.290698
-0.291683
-0.292493
-0.293217
-0.293888
-0.29454
-0.29519
-0.295848
-0.296564
-0.288819
-0.290887
-0.291857
-0.292653
-0.293363
-0.294019
-0.294655
-0.295287
-0.29592
-0.296594
-0.289249
-0.291262
-0.292201
-0.29297
-0.293651
-0.294277
-0.294879
-0.295474
-0.296058
-0.296645
-0.289883
-0.291814
-0.292709
-0.293435
-0.294073
-0.294654
-0.295204
-0.29574
-0.29625
-0.2967
-0.290709
-0.292535
-0.293372
-0.294041
-0.294619
-0.295138
-0.295615
-0.29607
-0.296484
-0.296734
-0.291711
-0.293414
-0.294178
-0.294774
-0.295276
-0.295713
-0.296097
-0.296446
-0.296744
-0.296713
-0.292873
-0.294436
-0.295115
-0.295622
-0.29603
-0.296367
-0.296634
-0.296847
-0.297016
-0.296593
-0.294179
-0.29559
-0.296169
-0.296571
-0.296867
-0.297083
-0.29721
-0.297253
-0.297293
-0.296314
-0.295613
-0.296863
-0.29733
-0.297609
-0.297774
-0.297849
-0.297811
-0.29765
-0.297581
-0.295786
-0.297161
-0.298244
-0.298585
-0.298726
-0.298739
-0.298654
-0.298431
-0.298022
-0.297895
-0.294987
-0.298815
-0.299726
-0.299928
-0.299911
-0.299753
-0.299489
-0.299064
-0.298361
-0.29816
-0.294179
-0.300568
-0.301305
-0.301353
-0.301159
-0.30081
-0.300349
-0.299712
-0.298712
-0.298282
-0.293199
-0.302422
-0.302979
-0.302857
-0.302465
-0.301906
-0.301231
-0.300366
-0.299103
-0.298412
-0.291918
-0.304383
-0.304755
-0.304444
-0.303831
-0.303038
-0.302135
-0.30103
-0.299504
-0.298603
-0.290384
-0.306463
-0.30664
-0.306119
-0.305258
-0.304208
-0.303058
-0.301706
-0.299929
-0.298826
-0.288726
-0.308683
-0.308652
-0.307893
-0.306756
-0.305421
-0.304003
-0.302389
-0.300404
-0.299001
-0.287146
-0.311071
-0.310813
-0.309783
-0.308339
-0.306687
-0.304974
-0.303071
-0.300953
-0.298975
-0.285835
-0.313661
-0.313141
-0.311819
-0.310028
-0.308024
-0.305985
-0.303756
-0.301609
-0.298524
-0.284844
-0.3165
-0.315677
-0.314026
-0.31185
-0.30946
-0.307064
-0.304465
-0.302404
-0.29757
-0.28477
-0.319642
-0.318456
-0.316438
-0.313841
-0.31103
-0.308246
-0.305244
-0.303279
-0.296542
-0.288857
-0.323123
-0.321533
-0.3191
-0.316046
-0.312781
-0.309577
-0.306141
-0.304017
-0.296059
-0.300164
-0.327013
-0.324947
-0.322056
-0.318511
-0.314764
-0.311105
-0.30721
-0.304532
-0.296319
-0.299203
-0.331371
-0.328748
-0.325356
-0.32129
-0.317033
-0.312877
-0.308478
-0.304938
-0.296676
-0.296428
-0.336254
-0.332984
-0.32905
-0.324434
-0.319641
-0.314932
-0.309942
-0.305379
-0.296842
-0.293684
-0.341714
-0.337705
-0.333187
-0.327993
-0.32263
-0.317296
-0.311591
-0.305871
-0.296747
-0.290854
-0.347799
-0.342952
-0.337813
-0.332013
-0.326032
-0.31998
-0.313403
-0.306379
-0.296323
-0.288044
-0.354545
-0.348766
-0.342973
-0.336532
-0.329864
-0.322972
-0.315338
-0.306834
-0.295549
-0.285176
-0.36198
-0.355179
-0.3487
-0.341576
-0.334126
-0.326241
-0.317329
-0.307148
-0.294409
-0.282181
-0.370115
-0.362212
-0.355022
-0.347155
-0.3388
-0.329727
-0.319278
-0.307231
-0.292891
-0.278986
-0.378947
-0.369873
-0.361946
-0.353257
-0.343839
-0.333338
-0.321073
-0.306994
-0.290978
-0.275528
-0.388449
-0.378155
-0.369459
-0.359844
-0.349167
-0.336946
-0.322592
-0.306361
-0.288649
-0.271751
-0.398569
-0.387023
-0.37752
-0.366846
-0.354664
-0.340399
-0.323713
-0.30526
-0.285873
-0.267606
-0.409226
-0.396418
-0.386053
-0.374155
-0.360171
-0.343528
-0.324321
-0.303628
-0.282616
-0.263044
-0.420305
-0.406243
-0.394947
-0.38162
-0.36549
-0.346163
-0.324309
-0.301401
-0.278834
-0.258018
-0.431657
-0.416368
-0.404049
-0.389045
-0.370402
-0.348134
-0.323573
-0.298516
-0.27448
-0.25248
-0.443093
-0.426619
-0.413163
-0.396191
-0.374677
-0.349283
-0.322017
-0.294909
-0.269501
-0.246382
-0.454386
-0.436784
-0.422053
-0.402788
-0.378082
-0.349456
-0.319547
-0.290515
-0.263841
-0.239678
-0.465274
-0.446614
-0.430443
-0.408544
-0.380395
-0.348512
-0.316074
-0.285267
-0.257443
-0.232324
-0.475465
-0.455825
-0.438025
-0.413165
-0.381404
-0.346321
-0.311511
-0.279099
-0.250251
-0.224279
-0.484641
-0.464108
-0.444471
-0.416361
-0.380915
-0.342762
-0.305776
-0.271947
-0.24221
-0.215507
-0.492466
-0.471131
-0.449439
-0.417859
-0.378754
-0.337726
-0.298795
-0.263748
-0.23327
-0.205978
-0.498597
-0.476552
-0.452597
-0.41741
-0.374767
-0.331116
-0.290494
-0.254446
-0.223391
-0.195667
-0.502692
-0.480031
-0.453629
-0.414793
-0.36882
-0.322847
-0.280812
-0.243988
-0.212536
-0.184564
-0.504421
-0.481236
-0.452248
-0.409823
-0.360808
-0.312849
-0.269692
-0.232325
-0.200668
-0.172652
-0.503478
-0.479855
-0.448205
-0.402347
-0.350644
-0.30107
-0.257095
-0.21942
-0.187739
-0.159847
-0.499585
-0.47561
-0.441295
-0.392253
-0.338272
-0.287474
-0.242998
-0.205258
-0.173712
-0.145964
-0.492504
-0.468264
-0.431363
-0.379466
-0.323657
-0.272042
-0.227387
-0.18984
-0.158611
-0.130859
-0.482042
-0.457631
-0.418299
-0.363949
-0.306794
-0.254771
-0.210248
-0.173148
-0.142526
-0.114782
-0.468057
-0.443579
-0.402039
-0.345698
-0.287697
-0.235671
-0.191585
-0.15519
-0.125393
-0.0982521
-0.45046
-0.426033
-0.38257
-0.324749
-0.266407
-0.214773
-0.171478
-0.13621
-0.107096
-0.0811297
-0.429216
-0.404971
-0.359924
-0.301172
-0.242984
-0.192157
-0.150078
-0.116026
-0.0878615
-0.0633121
-0.404349
-0.380432
-0.33419
-0.275074
-0.217515
-0.16796
-0.127331
-0.0947301
-0.0677786
-0.0448124
-0.375933
-0.352517
-0.305529
-0.246553
-0.190128
-0.142203
-0.103334
-0.072413
-0.0469124
-0.025704
-0.344097
-0.321399
-0.274157
-0.215621
-0.160942
-0.115017
-0.0781902
-0.049171
-0.0253328
-0.00607946
-0.309028
-0.287309
-0.240147
-0.18251
-0.130085
-0.086537
-0.0520209
-0.0251021
-0.0031129
0.0139849
-0.270948
-0.250472
-0.203194
-0.14782
-0.097796
-0.0569147
-0.0249544
-0.000303948
0.0196792
0.0344092
-0.230067
-0.210974
-0.164186
-0.111468
-0.0642681
-0.0263178
0.00287825
0.0251333
0.0429401
0.0549401
-0.186655
-0.168958
-0.123696
-0.0737047
-0.0296911
0.00508081
0.0313533
0.0511211
0.0664403
0.0749896
-0.141153
-0.124953
-0.0817872
-0.0348098
0.00572444
0.0371066
0.0603472
0.0775301
0.0898366
0.0940569
-0.0939211
-0.0793228
-0.0386774
0.00494198
0.0417507
0.0695765
0.089697
0.104104
0.112867
0.113061
-0.0452888
-0.0324884
0.00532714
0.0452745
0.0781535
0.102294
0.119177
0.130465
0.135297
0.135864
0.00433737
0.0151577
0.0498866
0.0859046
0.114695
0.135051
0.148549
0.15652
0.158233
0.158823
0.0545364
0.0632266
0.094651
0.126543
0.151132
0.16763
0.177649
0.18232
0.181354
0.180766
0.104884
0.111325
0.139269
0.166898
0.187218
0.199818
0.206317
0.207769
0.204305
0.201937
0.154953
0.15906
0.183393
0.206677
0.222705
0.231404
0.234393
0.232704
0.226771
0.222294
0.204321
0.206037
0.226679
0.245592
0.25735
0.262184
0.261709
0.25696
0.248574
0.24183
0.252571
0.251872
0.268792
0.28336
0.290913
0.291955
0.288094
0.280372
0.269563
0.260486
0.299295
0.29619
0.309407
0.319706
0.323163
0.320521
0.313381
0.302789
0.289612
0.278192
0.3441
0.338628
0.348212
0.354368
0.353876
0.347694
0.337406
0.324069
0.308604
0.294874
0.386611
0.378842
0.384909
0.387095
0.38284
0.373291
0.360016
0.344077
0.326429
0.310454
0.426471
0.416505
0.419219
0.417649
0.409854
0.397142
0.381064
0.362689
0.342984
0.324862
0.463349
0.451315
0.450882
0.44581
0.434729
0.419087
0.400415
0.379789
0.358173
0.338028
0.496938
0.482992
0.479656
0.471376
0.457295
0.438981
0.417944
0.39527
0.371907
0.349891
0.52696
0.511282
0.505325
0.494162
0.477395
0.456689
0.433539
0.409035
0.384106
0.360394
0.553167
0.535961
0.527695
0.514005
0.494888
0.472093
0.447098
0.420999
0.394698
0.369488
0.575343
0.556831
0.546599
0.530763
0.509655
0.485091
0.458533
0.431086
0.403621
0.377131
0.593305
0.573729
0.561894
0.544315
0.521593
0.495594
0.467772
0.439233
0.410822
0.383287
0.606907
0.58652
0.573467
0.554564
0.530619
0.503534
0.474753
0.445388
0.416261
0.387929
0.616038
0.595104
0.58123
0.561438
0.536672
0.508857
0.479433
0.449513
0.419904
0.391035
0.620622
0.599413
0.585127
0.564888
0.539708
0.511528
0.48178
0.451582
0.421731
0.392592
0.620622
0.599413
0.585127
0.564888
0.539708
0.511528
0.48178
0.451582
0.421731
0.392592
0.616038
0.595104
0.58123
0.561438
0.536672
0.508857
0.479433
0.449513
0.419904
0.391035
0.606907
0.58652
0.573467
0.554564
0.530619
0.503534
0.474753
0.445388
0.416261
0.387929
0.593305
0.573729
0.561894
0.544315
0.521593
0.495594
0.467772
0.439233
0.410822
0.383287
0.575342
0.556831
0.546599
0.530763
0.509655
0.48509
0.458533
0.431086
0.403621
0.377131
0.553167
0.535961
0.527695
0.514005
0.494888
0.472093
0.447098
0.420999
0.394698
0.369488
0.52696
0.511282
0.505325
0.494162
0.477395
0.456689
0.433539
0.409035
0.384106
0.360394
0.496938
0.482992
0.479656
0.471376
0.457295
0.43898
0.417944
0.39527
0.371907
0.349891
0.463349
0.451315
0.450882
0.44581
0.434729
0.419087
0.400415
0.379788
0.358173
0.338028
0.426471
0.416505
0.419219
0.417649
0.409853
0.397142
0.381064
0.362689
0.342984
0.324861
0.386611
0.378842
0.384909
0.387095
0.38284
0.37329
0.360016
0.344077
0.326429
0.310454
0.3441
0.338628
0.348211
0.354368
0.353876
0.347693
0.337406
0.324069
0.308604
0.294873
0.299295
0.29619
0.309407
0.319706
0.323163
0.320521
0.31338
0.302789
0.289612
0.278192
0.252571
0.251872
0.268792
0.283359
0.290913
0.291955
0.288094
0.280372
0.269563
0.260486
0.204321
0.206037
0.226679
0.245592
0.25735
0.262184
0.261709
0.25696
0.248574
0.24183
0.154953
0.159059
0.183393
0.206677
0.222705
0.231404
0.234393
0.232704
0.226771
0.222294
0.104884
0.111325
0.139269
0.166898
0.187218
0.199818
0.206317
0.207769
0.204305
0.201937
0.0545362
0.0632264
0.0946508
0.126543
0.151132
0.16763
0.177649
0.18232
0.181354
0.180765
0.00433719
0.0151575
0.0498864
0.0859044
0.114695
0.13505
0.148549
0.15652
0.158233
0.158823
-0.045289
-0.0324886
0.00532696
0.0452743
0.0781533
0.102294
0.119177
0.130465
0.135297
0.135864
-0.0939213
-0.079323
-0.0386776
0.0049418
0.0417505
0.0695763
0.0896969
0.104104
0.112867
0.113061
-0.141153
-0.124953
-0.0817874
-0.03481
0.00572426
0.0371064
0.060347
0.07753
0.0898365
0.0940567
-0.186655
-0.168959
-0.123696
-0.0737049
-0.0296913
0.00508062
0.0313531
0.0511209
0.0664402
0.0749894
-0.230067
-0.210974
-0.164187
-0.111468
-0.0642683
-0.026318
0.00287806
0.0251332
0.04294
0.0549399
-0.270948
-0.250472
-0.203194
-0.14782
-0.0977962
-0.0569149
-0.0249546
-0.000304134
0.019679
0.034409
-0.309029
-0.287309
-0.240147
-0.18251
-0.130085
-0.0865372
-0.0520211
-0.0251023
-0.00311308
0.0139848
-0.344097
-0.3214
-0.274158
-0.215621
-0.160942
-0.115017
-0.0781904
-0.0491712
-0.025333
-0.00607964
-0.375933
-0.352517
-0.305529
-0.246553
-0.190128
-0.142203
-0.103334
-0.0724132
-0.0469126
-0.0257042
-0.40435
-0.380433
-0.33419
-0.275075
-0.217516
-0.167961
-0.127331
-0.0947303
-0.0677788
-0.0448126
-0.429217
-0.404972
-0.359925
-0.301172
-0.242985
-0.192158
-0.150078
-0.116026
-0.0878617
-0.0633123
-0.45046
-0.426033
-0.38257
-0.324749
-0.266407
-0.214773
-0.171478
-0.136211
-0.107096
-0.0811299
-0.468057
-0.443579
-0.40204
-0.345699
-0.287698
-0.235671
-0.191586
-0.15519
-0.125394
-0.0982523
-0.482043
-0.457631
-0.4183
-0.363949
-0.306794
-0.254771
-0.210248
-0.173148
-0.142526
-0.114782
-0.492505
-0.468265
-0.431364
-0.379467
-0.323658
-0.272043
-0.227387
-0.18984
-0.158611
-0.130859
-0.499586
-0.475611
-0.441296
-0.392254
-0.338272
-0.287474
-0.242998
-0.205258
-0.173712
-0.145964
-0.503479
-0.479856
-0.448205
-0.402347
-0.350645
-0.30107
-0.257095
-0.21942
-0.187739
-0.159847
-0.504422
-0.481236
-0.452248
-0.409823
-0.360808
-0.312849
-0.269692
-0.232326
-0.200668
-0.172653
-0.502692
-0.480032
-0.45363
-0.414794
-0.368821
-0.322847
-0.280812
-0.243989
-0.212537
-0.184565
-0.498597
-0.476553
-0.452598
-0.41741
-0.374767
-0.331116
-0.290495
-0.254446
-0.223391
-0.195667
-0.492467
-0.471131
-0.44944
-0.41786
-0.378755
-0.337726
-0.298795
-0.263748
-0.23327
-0.205978
-0.484642
-0.464108
-0.444471
-0.416362
-0.380916
-0.342762
-0.305777
-0.271947
-0.24221
-0.215507
-0.475466
-0.455826
-0.438026
-0.413166
-0.381404
-0.346322
-0.311511
-0.2791
-0.250251
-0.224279
-0.465275
-0.446614
-0.430443
-0.408545
-0.380395
-0.348513
-0.316074
-0.285267
-0.257444
-0.232324
-0.454386
-0.436784
-0.422053
-0.402788
-0.378083
-0.349456
-0.319548
-0.290515
-0.263842
-0.239678
-0.443093
-0.426619
-0.413163
-0.396191
-0.374677
-0.349283
-0.322017
-0.294909
-0.269502
-0.246382
-0.431658
-0.416368
-0.404049
-0.389045
-0.370403
-0.348135
-0.323574
-0.298516
-0.274481
-0.25248
-0.420306
-0.406244
-0.394948
-0.38162
-0.365491
-0.346163
-0.324309
-0.301401
-0.278835
-0.258018
-0.409226
-0.396418
-0.386054
-0.374155
-0.360171
-0.343529
-0.324322
-0.303629
-0.282616
-0.263044
-0.398569
-0.387024
-0.37752
-0.366847
-0.354665
-0.340399
-0.323713
-0.305261
-0.285874
-0.267606
-0.388449
-0.378155
-0.369459
-0.359845
-0.349168
-0.336947
-0.322592
-0.306361
-0.288649
-0.271752
-0.378947
-0.369874
-0.361946
-0.353258
-0.34384
-0.333339
-0.321074
-0.306994
-0.290979
-0.275528
-0.370116
-0.362212
-0.355022
-0.347155
-0.3388
-0.329728
-0.319279
-0.307231
-0.292891
-0.278987
-0.36198
-0.355179
-0.348701
-0.341576
-0.334127
-0.326241
-0.317329
-0.307149
-0.294409
-0.282182
-0.354546
-0.348767
-0.342973
-0.336532
-0.329864
-0.322972
-0.315339
-0.306834
-0.295549
-0.285176
-0.347799
-0.342953
-0.337814
-0.332013
-0.326032
-0.31998
-0.313403
-0.30638
-0.296324
-0.288044
-0.341715
-0.337705
-0.333187
-0.327993
-0.32263
-0.317297
-0.311591
-0.305871
-0.296748
-0.290854
-0.336255
-0.332985
-0.329051
-0.324434
-0.319641
-0.314932
-0.309943
-0.305379
-0.296842
-0.293685
-0.331372
-0.328748
-0.325357
-0.32129
-0.317034
-0.312877
-0.308479
-0.304939
-0.296677
-0.296429
-0.327013
-0.324948
-0.322057
-0.318512
-0.314764
-0.311106
-0.307211
-0.304533
-0.29632
-0.299204
-0.323123
-0.321533
-0.3191
-0.316046
-0.312781
-0.309578
-0.306142
-0.304018
-0.29606
-0.300165
-0.319642
-0.318456
-0.316439
-0.313842
-0.311031
-0.308247
-0.305244
-0.303279
-0.296543
-0.288858
-0.3165
-0.315678
-0.314026
-0.31185
-0.30946
-0.307064
-0.304466
-0.302404
-0.29757
-0.284771
-0.313662
-0.313142
-0.311819
-0.310029
-0.308025
-0.305986
-0.303756
-0.30161
-0.298524
-0.284845
-0.311071
-0.310813
-0.309783
-0.30834
-0.306688
-0.304974
-0.303072
-0.300954
-0.298975
-0.285836
-0.308683
-0.308653
-0.307894
-0.306756
-0.305422
-0.304003
-0.302389
-0.300405
-0.299002
-0.287147
-0.306463
-0.306641
-0.306119
-0.305259
-0.304208
-0.303058
-0.301706
-0.299929
-0.298826
-0.288727
-0.304383
-0.304755
-0.304444
-0.303831
-0.303038
-0.302135
-0.30103
-0.299504
-0.298604
-0.290385
-0.302423
-0.30298
-0.302858
-0.302466
-0.301906
-0.301231
-0.300366
-0.299104
-0.298412
-0.291919
-0.300569
-0.301305
-0.301353
-0.301159
-0.300811
-0.30035
-0.299713
-0.298713
-0.298282
-0.2932
-0.298815
-0.299726
-0.299929
-0.299911
-0.299754
-0.29949
-0.299064
-0.298361
-0.29816
-0.294179
-0.297161
-0.298244
-0.298586
-0.298726
-0.298739
-0.298654
-0.298431
-0.298022
-0.297895
-0.294987
-0.295613
-0.296863
-0.29733
-0.29761
-0.297774
-0.297849
-0.297812
-0.29765
-0.297582
-0.295787
-0.294179
-0.29559
-0.296169
-0.296571
-0.296867
-0.297083
-0.29721
-0.297254
-0.297294
-0.296314
-0.292874
-0.294437
-0.295115
-0.295622
-0.29603
-0.296367
-0.296634
-0.296847
-0.297016
-0.296594
-0.291711
-0.293414
-0.294178
-0.294774
-0.295276
-0.295714
-0.296098
-0.296446
-0.296744
-0.296713
-0.290709
-0.292536
-0.293372
-0.294041
-0.294619
-0.295138
-0.295615
-0.29607
-0.296485
-0.296735
-0.289883
-0.291814
-0.29271
-0.293436
-0.294073
-0.294654
-0.295204
-0.29574
-0.296251
-0.296701
-0.289249
-0.291262
-0.292201
-0.29297
-0.293651
-0.294278
-0.294879
-0.295474
-0.296058
-0.296645
-0.288819
-0.290887
-0.291857
-0.292653
-0.293363
-0.294019
-0.294655
-0.295287
-0.29592
-0.296594
-0.288602
-0.290698
-0.291683
-0.292493
-0.293217
-0.293888
-0.29454
-0.29519
-0.295848
-0.296564
-0.297639
-0.298638
-0.3
-0.301599
-0.303594
-0.306044
-0.309056
-0.312728
-0.31715
-0.322372
-0.328365
-0.334956
-0.341738
-0.347988
-0.352529
-0.353819
-0.349555
-0.337688
-0.315543
-0.282984
-0.23878
-0.18919
-0.135593
-0.0860014
-0.04508
-0.0106384
0.00580813
0.02156
0.015065
0.015919
-0.297728
-0.298685
-0.300041
-0.301631
-0.303618
-0.306062
-0.309071
-0.312743
-0.317168
-0.322401
-0.328414
-0.335037
-0.341863
-0.348173
-0.352786
-0.354159
-0.34998
-0.338208
-0.316126
-0.283605
-0.239375
-0.189742
-0.136069
-0.0863892
-0.0454062
-0.0108861
0.00560065
0.0214022
0.0149493
0.0158412
-0.297899
-0.298772
-0.300119
-0.301688
-0.30366
-0.306093
-0.309094
-0.312763
-0.317196
-0.322449
-0.3285
-0.335183
-0.342095
-0.348519
-0.353272
-0.354809
-0.350796
-0.339211
-0.317253
-0.284813
-0.240535
-0.190823
-0.137005
-0.0871545
-0.0460537
-0.0113802
0.0051873
0.021086
0.0147196
0.0156864
-0.298138
-0.298886
-0.30022
-0.301759
-0.303709
-0.306124
-0.309112
-0.312776
-0.317217
-0.322497
-0.328599
-0.335366
-0.342399
-0.348986
-0.353939
-0.355711
-0.351938
-0.340626
-0.318853
-0.286538
-0.242205
-0.192385
-0.138373
-0.08828
-0.0470095
-0.0121179
0.00457138
0.0206105
0.014379
0.015456
-0.298431
-0.299008
-0.300329
-0.30183
-0.303751
-0.306141
-0.309109
-0.312764
-0.31721
-0.322519
-0.328681
-0.335549
-0.342729
-0.349518
-0.354721
-0.356789
-0.35332
-0.342357
-0.320832
-0.28869
-0.244306
-0.194366
-0.140134
-0.089737
-0.048259
-0.0130949
0.00375783
0.0199751
0.0139319
0.0151523
-0.29876
-0.29912
-0.30043
-0.301886
-0.30377
-0.306126
-0.309067
-0.312705
-0.317151
-0.322486
-0.328711
-0.335689
-0.343033
-0.35005
-0.35554
-0.357953
-0.354823
-0.344295
-0.323077
-0.291163
-0.246753
-0.196702
-0.14223
-0.0914973
-0.049783
-0.0143049
0.00275316
0.0191801
0.0133838
0.014778
-0.299115
-0.2992
-0.300507
-0.301911
-0.30375
-0.306065
-0.30897
-0.312581
-0.317018
-0.322373
-0.328655
-0.335743
-0.343257
-0.350518
-0.356319
-0.359111
-0.356305
-0.346328
-0.325474
-0.293844
-0.249454
-0.199322
-0.144593
-0.0935329
-0.0515591
-0.0157393
0.00156549
0.0182274
0.0127411
0.0143368
-0.299503
-0.299228
-0.300546
-0.301892
-0.303678
-0.305945
-0.308802
-0.312375
-0.316792
-0.322154
-0.328484
-0.335674
-0.343354
-0.350862
-0.356984
-0.360186
-0.35811
-0.348353
-0.327912
-0.296644
-0.252305
-0.2021
-0.147217
-0.095801
-0.0535635
-0.0173868
0.000204571
0.0171209
0.0120106
0.0138329
-0.299974
-0.29917
-0.300543
-0.301824
-0.303547
-0.305755
-0.308554
-0.312077
-0.316459
-0.321813
-0.328175
-0.335452
-0.343285
-0.35103
-0.357472
-0.36109
-0.359431
-0.350262
-0.330285
-0.299488
-0.255162
-0.20502
-0.150018
-0.0982656
-0.0557707
-0.0192337
-0.00131812
0.0158666
0.0111999
0.0132711
-0.300499
-0.299036
-0.300507
-0.3017
-0.303351
-0.305491
-0.308222
-0.311681
-0.316012
-0.321341
-0.327713
-0.335057
-0.343022
-0.350987
-0.357735
-0.361765
-0.360569
-0.351988
-0.332483
-0.302082
-0.258161
-0.207995
-0.152946
-0.100891
-0.0581539
-0.0212637
-0.00298945
0.0144729
0.0103168
0.0126567
-0.300635
-0.299109
-0.30032
-0.301524
-0.303092
-0.305154
-0.307806
-0.311188
-0.315452
-0.320735
-0.327095
-0.334478
-0.342549
-0.350708
-0.357737
-0.362162
-0.361431
-0.353403
-0.334493
-0.304555
-0.261051
-0.210961
-0.155955
-0.103643
-0.0606857
-0.0234584
-0.00479477
0.0129504
0.00936945
0.0119955
-0.300835
-0.299131
-0.300101
-0.301295
-0.302771
-0.304746
-0.30731
-0.310602
-0.314783
-0.32
-0.326323
-0.333718
-0.34186
-0.350179
-0.357459
-0.362256
-0.361979
-0.354522
-0.336207
-0.306807
-0.263789
-0.213866
-0.158997
-0.106485
-0.063338
-0.0257977
-0.00671823
0.0113111
0.00836632
0.0112936
-0.301096
-0.299118
-0.299849
-0.301016
-0.302391
-0.304272
-0.306739
-0.309931
-0.314015
-0.319147
-0.325408
-0.332782
-0.340962
-0.349403
-0.356896
-0.362029
-0.362186
-0.355295
-0.337591
-0.308779
-0.266336
-0.216666
-0.162031
-0.109387
-0.0660838
-0.0282605
-0.00874327
0.0095686
0.00731589
0.0105573
-0.301382
-0.299116
-0.299563
-0.300687
-0.301954
-0.303733
-0.306099
-0.309184
-0.313157
-0.318187
-0.324361
-0.331685
-0.339864
-0.348386
-0.356049
-0.361484
-0.362041
-0.355697
-0.338617
-0.310436
-0.268652
-0.219324
-0.16502
-0.112316
-0.0688964
-0.0308251
-0.0108527
0.00773749
0.00622671
0.0097928
-0.301673
-0.299138
-0.299253
-0.300309
-0.301457
-0.30313
-0.305393
-0.308365
-0.31222
-0.317132
-0.323197
-0.33044
-0.33858
-0.34714
-0.354927
-0.360637
-0.361542
-0.355716
-0.339267
-0.31175
-0.270704
-0.221806
-0.167927
-0.115244
-0.0717472
-0.0334674
-0.0130278
0.00583333
0.00510749
0.00900647
-0.301937
-0.299158
-0.298916
-0.299871
-0.30089
-0.302457
-0.304619
-0.307478
-0.311208
-0.315991
-0.321927
-0.329061
-0.337125
-0.345678
-0.353538
-0.359407
-0.36069
-0.355349
-0.339528
-0.3127
-0.272462
-0.224078
-0.170712
-0.118133
-0.0746044
-0.0361612
-0.0152492
0.00387246
0.00396679
0.00820453
-0.302077
-0.299079
-0.298532
-0.299363
-0.300242
-0.301707
-0.303774
-0.306525
-0.31013
-0.314774
-0.320565
-0.327564
-0.335517
-0.34402
-0.351902
-0.35792
-0.359493
-0.3546
-0.339401
-0.313279
-0.27391
-0.226126
-0.173362
-0.120971
-0.077459
-0.038894
-0.0175072
0.0018677
0.00281103
0.00739283
-0.301981
-0.298807
-0.298091
-0.298773
-0.299497
-0.300865
-0.302845
-0.305492
-0.308971
-0.313472
-0.319103
-0.325944
-0.333755
-0.342169
-0.350043
-0.356139
-0.357933
-0.353471
-0.338907
-0.313534
-0.275121
-0.228038
-0.175969
-0.123833
-0.0803669
-0.0416919
-0.0198149
-0.000177876
0.00164235
0.00657598
-0.302283
-0.298268
-0.297504
-0.297989
-0.298548
-0.299835
-0.301743
-0.304298
-0.307654
-0.312005
-0.31746
-0.324117
-0.331751
-0.340038
-0.347935
-0.353993
-0.355977
-0.351944
-0.338063
-0.313517
-0.276162
-0.229875
-0.178567
-0.126732
-0.0833181
-0.044542
-0.0221541
-0.00225312
0.000469589
0.00575749
-0.301091
-0.296152
-0.296368
-0.296799
-0.29728
-0.298555
-0.300455
-0.302974
-0.306252
-0.310488
-0.315787
-0.322258
-0.329686
-0.33776
-0.345397
-0.351751
-0.353817
-0.350031
-0.336672
-0.31278
-0.276355
-0.230829
-0.180304
-0.128956
-0.0857343
-0.0470947
-0.0242974
-0.00426962
-0.000660079
0.0049444
-0.287563
-0.290877
-0.2947
-0.295465
-0.295994
-0.297346
-0.299321
-0.301877
-0.305156
-0.309358
-0.314585
-0.320947
-0.328229
-0.336131
-0.343635
-0.349585
-0.351465
-0.34752
-0.334217
-0.310499
-0.274729
-0.229959
-0.180456
-0.130115
-0.0874977
-0.0495268
-0.0264799
-0.00657385
-0.00194043
0.00397583
-0.284871
-0.287713
-0.292083
-0.293074
-0.293664
-0.295159
-0.297327
-0.300028
-0.303379
-0.307584
-0.312729
-0.3189
-0.325867
-0.333322
-0.340239
-0.345517
-0.346811
-0.342339
-0.32893
-0.305454
-0.270727
-0.227277
-0.179475
-0.130767
-0.0892168
-0.0522569
-0.0290352
-0.0093067
-0.00347491
0.00285028
-0.282114
-0.284261
-0.288023
-0.2894
-0.290323
-0.292075
-0.294505
-0.29742
-0.300898
-0.305137
-0.310202
-0.316154
-0.322742
-0.329645
-0.335847
-0.340336
-0.340905
-0.335811
-0.322278
-0.299136
-0.265603
-0.22373
-0.177854
-0.131024
-0.0907084
-0.0548879
-0.0315657
-0.0120426
-0.00502855
0.00174419
-0.277876
-0.279771
-0.282527
-0.284251
-0.285734
-0.287863
-0.290595
-0.293757
-0.29739
-0.301674
-0.306654
-0.312365
-0.318542
-0.324848
-0.330307
-0.333964
-0.333792
-0.328107
-0.314517
-0.291843
-0.259636
-0.219552
-0.175756
-0.130995
-0.0920287
-0.0574363
-0.0340669
-0.0147595
-0.00658419
0.000672772
-0.271349
-0.273876
-0.275885
-0.277777
-0.279857
-0.282445
-0.2855
-0.288915
-0.292712
-0.297039
-0.301924
-0.307372
-0.31311
-0.31879
-0.323493
-0.326304
-0.325411
-0.319204
-0.305648
-0.2836
-0.252855
-0.214764
-0.173191
-0.130657
-0.0931511
-0.0598558
-0.0365067
-0.0174183
-0.00812704
-0.000349208
-0.262674
-0.266495
-0.268288
-0.270258
-0.272841
-0.275909
-0.279297
-0.282945
-0.286885
-0.291234
-0.295999
-0.301156
-0.306429
-0.311467
-0.315419
-0.317406
-0.315836
-0.309203
-0.295793
-0.274533
-0.245379
-0.209448
-0.170208
-0.130012
-0.0940587
-0.0621042
-0.0388525
-0.01998
-0.00964182
-0.00130842
-0.252691
-0.257833
-0.259888
-0.261987
-0.264952
-0.268455
-0.272164
-0.276016
-0.28006
-0.284395
-0.289006
-0.293842
-0.298631
-0.303024
-0.306255
-0.307467
-0.305289
-0.298345
-0.285196
-0.264868
-0.237396
-0.203729
-0.166884
-0.129076
-0.0947431
-0.0641474
-0.0410752
-0.0224113
-0.0111133
-0.00219483
-0.242013
-0.248221
-0.250849
-0.253203
-0.256461
-0.260317
-0.264315
-0.268342
-0.272451
-0.276732
-0.28116
-0.285656
-0.289955
-0.293715
-0.296272
-0.296784
-0.294082
-0.286943
-0.274154
-0.25486
-0.229115
-0.197742
-0.163297
-0.127873
-0.0952001
-0.0659595
-0.0431488
-0.0246845
-0.0125269
-0.00300233
-0.231041
-0.238029
-0.241346
-0.24407
-0.24758
-0.251704
-0.255944
-0.26012
-0.264266
-0.268467
-0.272692
-0.276846
-0.280672
-0.283836
-0.285772
-0.28567
-0.282537
-0.27531
-0.262957
-0.24475
-0.220725
-0.191612
-0.159523
-0.126429
-0.0954285
-0.0675223
-0.0450513
-0.0267787
-0.0138687
-0.0037286
-0.22008
-0.227567
-0.231545
-0.234702
-0.238454
-0.242779
-0.247209
-0.251508
-0.255676
-0.259784
-0.263805
-0.267632
-0.271019
-0.273647
-0.275017
-0.274396
-0.270928
-0.263704
-0.251841
-0.234733
-0.21238
-0.185439
-0.155623
-0.12477
-0.0954299
-0.0688251
-0.0467648
-0.0286796
-0.0151263
-0.00437451
-0.209294
-0.21705
-0.221592
-0.225188
-0.229178
-0.233659
-0.23823
-0.242627
-0.246807
-0.250823
-0.254647
-0.258174
-0.261169
-0.263331
-0.264205
-0.263161
-0.259451
-0.252306
-0.240966
-0.224938
-0.204184
-0.179296
-0.151642
-0.122919
-0.0952073
-0.0698637
-0.0482757
-0.0303784
-0.0162889
-0.0049431
-0.198766
-0.206626
-0.211612
-0.215607
-0.219824
-0.224429
-0.229099
-0.233565
-0.23775
-0.24168
-0.245326
-0.248586
-0.25124
-0.253006
-0.253465
-0.25209
-0.248225
-0.241224
-0.230427
-0.215443
-0.196198
-0.173229
-0.147612
-0.120895
-0.0947662
-0.070639
-0.0495747
-0.0318714
-0.0173477
-0.00543876
-0.18856
-0.196401
-0.201708
-0.206036
-0.210453
-0.215157
-0.21989
-0.224399
-0.228579
-0.232431
-0.235919
-0.238947
-0.24131
-0.242748
-0.24288
-0.241263
-0.237319
-0.230513
-0.22027
-0.206283
-0.188454
-0.167267
-0.143555
-0.118717
-0.0941138
-0.0711565
-0.0506563
-0.0331586
-0.0182957
-0.00586654
-0.178727
-0.18645
-0.191966
-0.196552
-0.20113
-0.205904
-0.210669
-0.215194
-0.219359
-0.223139
-0.226489
-0.229321
-0.231442
-0.232618
-0.232503
-0.23072
-0.226766
-0.220196
-0.210511
-0.197474
-0.180967
-0.161426
-0.139488
-0.116403
-0.0932601
-0.071425
-0.0515188
-0.034243
-0.0191284
-0.0062316
-0.169302
-0.176832
-0.182459
-0.187226
-0.19192
-0.196733
-0.201502
-0.206018
-0.210153
-0.213864
-0.217096
-0.219764
-0.22169
-0.222663
-0.222371
-0.22049
-0.216584
-0.210284
-0.201156
-0.18902
-0.173745
-0.155721
-0.135428
-0.113972
-0.0922176
-0.0714563
-0.0521643
-0.0351299
-0.0198434
-0.0065389
-0.160317
-0.167596
-0.17325
-0.178126
-0.182886
-0.187706
-0.192452
-0.196936
-0.201027
-0.20467
-0.207798
-0.210332
-0.212103
-0.212926
-0.212515
-0.210596
-0.206786
-0.200783
-0.192207
-0.180923
-0.166793
-0.150164
-0.13139
-0.111442
-0.0910017
-0.0712653
-0.0525985
-0.035827
-0.0204407
-0.00679303
-0.151796
-0.15878
-0.164391
-0.169312
-0.174092
-0.178887
-0.183582
-0.188012
-0.192046
-0.195619
-0.198657
-0.20108
-0.202732
-0.203448
-0.20297
-0.201062
-0.197388
-0.1917
-0.183666
-0.173185
-0.160117
-0.144768
-0.127392
-0.108836
-0.0896307
-0.0708694
-0.052831
-0.0363441
-0.0209226
-0.00699827
-0.143758
-0.150416
-0.155929
-0.160838
-0.165596
-0.170335
-0.174956
-0.179313
-0.183277
-0.186777
-0.189732
-0.192065
-0.193629
-0.194275
-0.193771
-0.191913
-0.188405
-0.183045
-0.175538
-0.16581
-0.153724
-0.139546
-0.123451
-0.106176
-0.088126
-0.0702888
-0.0528747
-0.0366926
-0.0212935
-0.00715869
-0.136215
-0.142531
-0.147901
-0.152753
-0.157453
-0.162108
-0.166635
-0.170901
-0.174783
-0.178207
-0.181086
-0.183345
-0.184844
-0.185451
-0.184953
-0.183177
-0.179857
-0.174828
-0.167829
-0.158807
-0.147623
-0.134514
-0.11959
-0.103487
-0.0865118
-0.0695465
-0.0527463
-0.0368865
-0.0215601
-0.00727825
-0.129181
-0.135146
-0.140342
-0.145101
-0.149712
-0.154262
-0.158677
-0.162837
-0.166628
-0.169972
-0.172781
-0.174977
-0.176431
-0.177022
-0.176556
-0.174883
-0.171765
-0.167066
-0.160552
-0.152185
-0.14183
-0.129691
-0.115831
-0.100798
-0.0848153
-0.0686681
-0.0524655
-0.0369411
-0.0217306
-0.00736097
-0.122663
-0.128279
-0.133281
-0.137919
-0.14242
-0.146848
-0.151138
-0.155183
-0.158874
-0.162135
-0.164875
-0.167019
-0.168443
-0.169035
-0.168619
-0.167063
-0.164154
-0.159777
-0.153721
-0.14596
-0.136359
-0.125098
-0.1122
-0.098138
-0.0830663
-0.0676819
-0.0520551
-0.0368743
-0.0218153
-0.00741104
-0.116671
-0.121948
-0.126744
-0.131245
-0.135619
-0.139915
-0.144071
-0.147993
-0.15158
-0.154756
-0.157431
-0.159529
-0.160932
-0.161538
-0.161184
-0.159753
-0.157053
-0.152984
-0.147356
-0.140149
-0.131232
-0.120761
-0.108727
-0.0955395
-0.0812977
-0.0666188
-0.0515405
-0.0367055
-0.0218257
-0.00743285
-0.111216
-0.11617
-0.120758
-0.125112
-0.129352
-0.13351
-0.137528
-0.141325
-0.144806
-0.147896
-0.150507
-0.152565
-0.153955
-0.154582
-0.154296
-0.152993
-0.150494
-0.146716
-0.141482
-0.134778
-0.126474
-0.116707
-0.105443
-0.0930378
-0.0795452
-0.0655121
-0.0509497
-0.0364559
-0.0217747
-0.00743109
-0.106311
-0.110965
-0.115351
-0.119555
-0.123659
-0.127679
-0.131562
-0.135234
-0.13861
-0.141616
-0.144166
-0.146187
-0.147568
-0.148221
-0.148005
-0.146825
-0.144517
-0.141007
-0.136131
-0.129877
-0.122117
-0.11297
-0.102386
-0.0906717
-0.077847
-0.0643976
-0.0503128
-0.0361484
-0.0216762
-0.00741068
-0.101976
-0.106356
-0.110551
-0.114612
-0.118584
-0.122471
-0.126224
-0.129778
-0.133052
-0.135978
-0.13847
-0.140458
-0.141833
-0.142513
-0.142364
-0.141299
-0.139166
-0.135898
-0.13134
-0.125481
-0.118197
-0.10959
-0.0995959
-0.0884829
-0.0762443
-0.0633131
-0.0496618
-0.0358072
-0.0215451
-0.0073768
-0.0982339
-0.102373
-0.106396
-0.110323
-0.114173
-0.117939
-0.121572
-0.125016
-0.128197
-0.131049
-0.133489
-0.135446
-0.136817
-0.137522
-0.137434
-0.136473
-0.134496
-0.131439
-0.127156
-0.121637
-0.114759
-0.106611
-0.097118
-0.0865171
-0.0747811
-0.0622989
-0.0490304
-0.0354575
-0.021397
-0.00733481
-0.0951174
-0.0990524
-0.102926
-0.106736
-0.11048
-0.114139
-0.117668
-0.121017
-0.124115
-0.126902
-0.129296
-0.131226
-0.132594
-0.133321
-0.133287
-0.132415
-0.130568
-0.127689
-0.123637
-0.118399
-0.111855
-0.104084
-0.0950037
-0.0848241
-0.0735042
-0.0613968
-0.0484536
-0.0351254
-0.0212477
-0.00729011
-0.0926705
-0.0964433
-0.100197
-0.103912
-0.107569
-0.111141
-0.114586
-0.117856
-0.120887
-0.123621
-0.125976
-0.127885
-0.12925
-0.129995
-0.130003
-0.129202
-0.12746
-0.124722
-0.12085
-0.115833
-0.109549
-0.102071
-0.0933107
-0.0834586
-0.0724639
-0.060651
-0.0479673
-0.0348375
-0.0211134
-0.00724788
-0.0909544
-0.0946109
-0.0982793
-0.101927
-0.10552
-0.10903
-0.112414
-0.115628
-0.118611
-0.121305
-0.123633
-0.125527
-0.126889
-0.127647
-0.127685
-0.126933
-0.125265
-0.122625
-0.118881
-0.114017
-0.107916
-0.100642
-0.0921046
-0.0824804
-0.0717138
-0.0601073
-0.0476084
-0.0346201
-0.0210105
-0.00721297
-0.0900253
-0.093627
-0.0972523
-0.100864
-0.104425
-0.107903
-0.111255
-0.114439
-0.117396
-0.12007
-0.122383
-0.124268
-0.12563
-0.126394
-0.126449
-0.125724
-0.124096
-0.121508
-0.117832
-0.113049
-0.107045
-0.0998772
-0.0914597
-0.0819546
-0.0713107
-0.0598114
-0.0474142
-0.034498
-0.0209548
-0.00719052
-0.19706
-0.205823
-0.213999
-0.22161
-0.228678
-0.235227
-0.241283
-0.246869
-0.252007
-0.256721
-0.261033
-0.264975
-0.268595
-0.271973
-0.275232
-0.278583
-0.282263
-0.287015
-0.292369
-0.303577
-0.184164
-0.192635
-0.200622
-0.208146
-0.215227
-0.221885
-0.228141
-0.234015
-0.239531
-0.244718
-0.249613
-0.254276
-0.258788
-0.263283
-0.267901
-0.272955
-0.27834
-0.285104
-0.29032
-0.301597
-0.17227
-0.18039
-0.188118
-0.195475
-0.202483
-0.209164
-0.215542
-0.221641
-0.227493
-0.233137
-0.23862
-0.244005
-0.249345
-0.254737
-0.260124
-0.265731
-0.270861
-0.276956
-0.28054
-0.290556
-0.161322
-0.169106
-0.17658
-0.183764
-0.190678
-0.197342
-0.203778
-0.210012
-0.216068
-0.221978
-0.227761
-0.233447
-0.239008
-0.244495
-0.249715
-0.255024
-0.259699
-0.265668
-0.269828
-0.27925
-0.151326
-0.158774
-0.165978
-0.172954
-0.179718
-0.186287
-0.192676
-0.198903
-0.204978
-0.210915
-0.216708
-0.222374
-0.227872
-0.233304
-0.238529
-0.244033
-0.24916
-0.255463
-0.260273
-0.268355
-0.142172
-0.149276
-0.156187
-0.162916
-0.169474
-0.175873
-0.182124
-0.188235
-0.194213
-0.200068
-0.205799
-0.211442
-0.216982
-0.222547
-0.228001
-0.233694
-0.238993
-0.244918
-0.249753
-0.256652
-0.133766
-0.140522
-0.147122
-0.153576
-0.159891
-0.166076
-0.17214
-0.178091
-0.183936
-0.189692
-0.195363
-0.200985
-0.206534
-0.212085
-0.217493
-0.222969
-0.228117
-0.233635
-0.23866
-0.244931
-0.126045
-0.132451
-0.138733
-0.144896
-0.150948
-0.156896
-0.162748
-0.168512
-0.174194
-0.179808
-0.185351
-0.19084
-0.196246
-0.201612
-0.206859
-0.212142
-0.217281
-0.222648
-0.227817
-0.233599
-0.118956
-0.125015
-0.130974
-0.13684
-0.142616
-0.148309
-0.153925
-0.159469
-0.164946
-0.17036
-0.17571
-0.181006
-0.186237
-0.19144
-0.196586
-0.201754
-0.206847
-0.212009
-0.217085
-0.222483
-0.112433
-0.118153
-0.123793
-0.129358
-0.13485
-0.140275
-0.145636
-0.150938
-0.156183
-0.161377
-0.16652
-0.171623
-0.176685
-0.181723
-0.18672
-0.191699
-0.196622
-0.201554
-0.20649
-0.211635
-0.106429
-0.11182
-0.117146
-0.122411
-0.127617
-0.132768
-0.137867
-0.142918
-0.147923
-0.152887
-0.157813
-0.162705
-0.167562
-0.172388
-0.177179
-0.181946
-0.186687
-0.191431
-0.196208
-0.201127
-0.100898
-0.10597
-0.110991
-0.115961
-0.120884
-0.125762
-0.130598
-0.135393
-0.140152
-0.144876
-0.149566
-0.154226
-0.158856
-0.16346
-0.16804
-0.172602
-0.177151
-0.181692
-0.186262
-0.190945
-0.0957917
-0.100562
-0.105288
-0.109973
-0.114619
-0.119228
-0.123801
-0.12834
-0.132848
-0.137326
-0.141776
-0.146199
-0.150599
-0.154978
-0.159338
-0.163679
-0.168007
-0.172325
-0.17667
-0.181113
-0.0910867
-0.0955663
-0.100009
-0.104418
-0.108794
-0.113139
-0.117454
-0.12174
-0.125999
-0.130232
-0.13444
-0.138627
-0.142792
-0.146938
-0.151065
-0.155175
-0.159273
-0.163364
-0.167478
-0.171674
-0.0867556
-0.0909571
-0.0951279
-0.0992705
-0.103386
-0.107475
-0.111537
-0.115575
-0.119589
-0.12358
-0.127549
-0.131498
-0.135427
-0.139337
-0.143231
-0.14711
-0.150977
-0.154835
-0.158712
-0.162654
-0.0827568
-0.0866953
-0.0906085
-0.0944976
-0.0983634
-0.102206
-0.106026
-0.109823
-0.113599
-0.117353
-0.121088
-0.124803
-0.1285
-0.132179
-0.135842
-0.139489
-0.143124
-0.146749
-0.150386
-0.154075
-0.0790681
-0.0827591
-0.0864286
-0.0900774
-0.0937056
-0.0973131
-0.1009
-0.104466
-0.108013
-0.111539
-0.115046
-0.118535
-0.122005
-0.125458
-0.128893
-0.132313
-0.13572
-0.139114
-0.142516
-0.145958
-0.0756666
-0.0791253
-0.0825657
-0.0859878
-0.0893913
-0.0927759
-0.0961414
-0.0994878
-0.102815
-0.106123
-0.109412
-0.112682
-0.115934
-0.119168
-0.122385
-0.125584
-0.128769
-0.13194
-0.135113
-0.138315
-0.072533
-0.0757748
-0.0790007
-0.0822102
-0.0854025
-0.0885772
-0.0917338
-0.0948719
-0.0979914
-0.101092
-0.104174
-0.107236
-0.11028
-0.113305
-0.116312
-0.1193
-0.122272
-0.125228
-0.128182
-0.131154
-0.0696511
-0.0726918
-0.0757182
-0.0787295
-0.0817247
-0.084703
-0.0876639
-0.0906066
-0.0935309
-0.0964362
-0.0993223
-0.102189
-0.105036
-0.107864
-0.110672
-0.11346
-0.11623
-0.118983
-0.121728
-0.124484
-0.0670049
-0.0698615
-0.0727042
-0.0755323
-0.0783449
-0.0811411
-0.0839201
-0.0866811
-0.0894236
-0.0921468
-0.0948504
-0.097534
-0.100197
-0.10284
-0.105462
-0.108063
-0.110644
-0.113206
-0.115757
-0.11831
-0.0645891
-0.0672775
-0.0699518
-0.0726115
-0.0752561
-0.0778846
-0.0804959
-0.0830893
-0.0856638
-0.0882188
-0.0907537
-0.093268
-0.0957611
-0.0982327
-0.100683
-0.10311
-0.105517
-0.107901
-0.110272
-0.112639
-0.0624054
-0.0649392
-0.0674594
-0.0699655
-0.0724566
-0.0749317
-0.0773897
-0.0798296
-0.0822505
-0.0846516
-0.0870321
-0.0893914
-0.0917289
-0.0940441
-0.0963366
-0.0986058
-0.100852
-0.103076
-0.105282
-0.107479
-0.0604487
-0.062843
-0.0652243
-0.0675919
-0.0699446
-0.0722814
-0.074601
-0.0769025
-0.0791848
-0.081447
-0.0836883
-0.0859079
-0.0881052
-0.0902795
-0.0924304
-0.0945572
-0.0966602
-0.0987388
-0.100798
-0.102843
-0.0587191
-0.06099
-0.0632483
-0.065493
-0.067723
-0.069937
-0.0721338
-0.0743124
-0.0764717
-0.0786108
-0.0807287
-0.0828247
-0.084898
-0.0869479
-0.0889738
-0.0909751
-0.0929518
-0.0949032
-0.096833
-0.0987448
-0.0572261
-0.05939
-0.0615415
-0.0636795
-0.0658027
-0.0679101
-0.0700003
-0.0720723
-0.0741251
-0.0761575
-0.0781688
-0.0801581
-0.0821245
-0.0840673
-0.085986
-0.0878797
-0.0897483
-0.0915911
-0.0934106
-0.0952094
-0.0559788
-0.0580521
-0.0601132
-0.0621608
-0.0641938
-0.066211
-0.0682114
-0.0701937
-0.072157
-0.0741003
-0.0760226
-0.0779231
-0.0798009
-0.0816554
-0.0834857
-0.0852912
-0.0870716
-0.0888261
-0.0905563
-0.0922638
-0.0550053
-0.0570058
-0.058994
-0.0609689
-0.0629292
-0.0648739
-0.066802
-0.0687124
-0.070604
-0.0724761
-0.0743275
-0.0761576
-0.0779656
-0.0797506
-0.081512
-0.0832492
-0.0849616
-0.0866487
-0.0883113
-0.0899501
-0.0543045
-0.0562505
-0.0581847
-0.0601061
-0.0620135
-0.0639059
-0.0657823
-0.0676417
-0.0694832
-0.0713059
-0.0731089
-0.0748913
-0.0766525
-0.0783916
-0.0801079
-0.0818007
-0.0834694
-0.0851133
-0.0867327
-0.0883276
-0.0539672
-0.0558755
-0.0577715
-0.0596544
-0.0615235
-0.063378
-0.0652172
-0.0670404
-0.0688468
-0.0706356
-0.0724064
-0.0741584
-0.0758911
-0.0776038
-0.0792961
-0.0809674
-0.0826172
-0.084245
-0.0858511
-0.087435
0.104589
0.0863472
0.0674833
0.0495029
0.0312847
0.0129706
-0.00499068
-0.0225056
-0.0395794
-0.0561603
-0.072192
-0.0876469
-0.102533
-0.116818
-0.130861
-0.143843
-0.15582
-0.167062
-0.177683
-0.187685
0.0950061
0.0767534
0.0574733
0.0406788
0.0242527
0.00755613
-0.00885108
-0.0247413
-0.0401829
-0.0551928
-0.0697181
-0.0836877
-0.0970102
-0.109598
-0.122265
-0.13415
-0.145235
-0.155721
-0.165705
-0.175189
0.0850204
0.0674128
0.0486078
0.0330182
0.0183889
0.00338972
-0.0115197
-0.025928
-0.039872
-0.0534298
-0.0665806
-0.0792935
-0.0915533
-0.103346
-0.114247
-0.125081
-0.135506
-0.145387
-0.154781
-0.163737
0.0748492
0.0582383
0.0404655
0.0261145
0.0130864
-0.000312383
-0.0138114
-0.0268854
-0.0394906
-0.051737
-0.0636391
-0.0751549
-0.0862393
-0.0968462
-0.106951
-0.116977
-0.126687
-0.135939
-0.14476
-0.153212
0.0650643
0.0497362
0.0332748
0.0201313
0.0084812
-0.00348521
-0.0156839
-0.0275593
-0.0389838
-0.0500654
-0.0608518
-0.0713148
-0.0814183
-0.0911523
-0.100512
-0.109784
-0.118771
-0.127383
-0.13565
-0.143623
0.0559717
0.0420235
0.0269572
0.0149347
0.004453
-0.00625838
-0.0172694
-0.0280569
-0.0384328
-0.0484835
-0.0582791
-0.0678078
-0.0770325
-0.0859389
-0.0945505
-0.103192
-0.111551
-0.119583
-0.127339
-0.134862
0.0476374
0.0350378
0.0213649
0.010388
0.000912225
-0.00870037
-0.0186316
-0.0284262
-0.037865
-0.0470055
-0.0559296
-0.0646487
-0.0731466
-0.0814164
-0.089459
-0.0972276
-0.104918
-0.112439
-0.119743
-0.126844
0.0400393
0.0287032
0.0163784
0.00638597
-0.00220764
-0.0108585
-0.0198158
-0.0287055
-0.037302
-0.0456332
-0.0537785
-0.0617611
-0.069568
-0.0771833
-0.0845948
-0.0917665
-0.0989058
-0.105943
-0.11281
-0.119504
0.0331434
0.0229702
0.0119205
0.00285292
-0.00495681
-0.0127656
-0.0208516
-0.0289198
-0.0367557
-0.0443624
-0.0518085
-0.0591222
-0.0662953
-0.0733127
-0.0801675
-0.0868517
-0.0935001
-0.100065
-0.106496
-0.112788
0.026918
0.017804
0.00793799
-0.000269276
-0.00737833
-0.0144491
-0.0217604
-0.0290868
-0.0362354
-0.0431921
-0.0500118
-0.0567245
-0.0633272
-0.069808
-0.0761623
-0.08239
-0.0885867
-0.0947075
-0.100721
-0.106626
0.0213293
0.0131696
0.0043848
-0.00303073
-0.00951178
-0.0159346
-0.0225599
-0.0292196
-0.0357477
-0.0421196
-0.0483769
-0.0545478
-0.0606336
-0.0666262
-0.0725232
-0.0783279
-0.0841123
-0.0898219
-0.095439
-0.100971
0.0163373
0.0090292
0.00121825
-0.00547557
-0.0113926
-0.0172449
-0.0232641
-0.0293273
-0.0352966
-0.0411426
-0.046895
-0.0525774
-0.0581915
-0.0637282
-0.0691837
-0.0745695
-0.0799932
-0.0853356
-0.0905882
-0.0957714
0.0118973
0.00534426
-0.00159995
-0.00764168
-0.0130512
-0.0183992
-0.0238831
-0.0294141
-0.0348809
-0.0402543
-0.045555
-0.0508041
-0.0560071
-0.0611623
-0.0662658
-0.0713097
-0.0762462
-0.0811845
-0.0861027
-0.0909735
0.00796228
0.00207678
-0.00410331
-0.00956065
-0.0145132
-0.0194132
-0.0244232
-0.0294794
-0.0344937
-0.039439
-0.0443289
-0.0491792
-0.0539939
-0.0587696
-0.0634997
-0.0681768
-0.0727849
-0.0773961
-0.081998
-0.0865648
0.00448554
-0.000810269
-0.0063213
-0.0112586
-0.0158
-0.0203001
-0.0248895
-0.0295219
-0.0341285
-0.0386856
-0.0432014
-0.0476874
-0.0521467
-0.0565767
-0.0609726
-0.0653305
-0.0696425
-0.0739513
-0.0782493
-0.08252
0.0014225
-0.00335258
-0.00828048
-0.0127577
-0.0169295
-0.0210717
-0.0252868
-0.029541
-0.0337811
-0.0379872
-0.0421637
-0.0463191
-0.0504556
-0.0545711
-0.0586619
-0.062725
-0.0667564
-0.0707829
-0.074798
-0.078791
-0.00126792
-0.00558376
-0.010005
-0.0140766
-0.0179171
-0.0217386
-0.0256201
-0.0295367
-0.0334478
-0.0373369
-0.0412062
-0.0450615
-0.0489041
-0.0527323
-0.056543
-0.0603338
-0.0641024
-0.0678665
-0.0716199
-0.0753549
-0.0036227
-0.00753458
-0.0115168
-0.0152318
-0.0187756
-0.0223098
-0.0258938
-0.0295092
-0.0331252
-0.0367284
-0.0403198
-0.0439027
-0.0474779
-0.0510439
-0.0545978
-0.0581376
-0.0616618
-0.0651829
-0.0686939
-0.0721893
-0.0056748
-0.00923263
-0.0128354
-0.0162375
-0.0195165
-0.0227933
-0.026112
-0.0294589
-0.0328105
-0.0361565
-0.0394965
-0.0428326
-0.0461648
-0.0494916
-0.0528106
-0.0561199
-0.0594182
-0.0627153
-0.0660025
-0.0692754
-0.00745353
-0.0107024
-0.0139785
-0.0171069
-0.0201498
-0.0231967
-0.0262793
-0.0293871
-0.0325025
-0.0356174
-0.0387307
-0.0418435
-0.0449551
-0.0480638
-0.0511675
-0.0542644
-0.057354
-0.0604468
-0.0635289
-0.0665968
-0.00898529
-0.0119659
-0.0149619
-0.0178519
-0.0206854
-0.0235276
-0.0264006
-0.0292962
-0.0322014
-0.0351097
-0.0380199
-0.040932
-0.0438452
-0.0467577
-0.0496675
-0.0525724
-0.055471
-0.0583657
-0.0612549
-0.0641355
-0.0102938
-0.0130428
-0.0157999
-0.0184833
-0.0211321
-0.0237929
-0.0264806
-0.0291887
-0.0319076
-0.0346321
-0.0373609
-0.0400937
-0.0428292
-0.045566
-0.0483021
-0.0510348
-0.0537604
-0.0564682
-0.0591782
-0.0618878
-0.0114005
-0.0139511
-0.0165059
-0.0190116
-0.0214985
-0.0239997
-0.0265245
-0.0290677
-0.0316219
-0.0341833
-0.0367502
-0.0393219
-0.0418968
-0.0444733
-0.0470493
-0.0496225
-0.0521903
-0.0547484
-0.0573055
-0.0598596
-0.0123248
-0.0147074
-0.0170928
-0.0194474
-0.0217943
-0.0241565
-0.0265395
-0.0289391
-0.0313497
-0.033768
-0.0361926
-0.0386223
-0.0410557
-0.043491
-0.0459263
-0.0483596
-0.0507887
-0.0532105
-0.0556292
-0.0580432
-0.0130847
-0.0153275
-0.0175735
-0.0198016
-0.0220295
-0.0242726
-0.0265343
-0.0288107
-0.0310977
-0.0333925
-0.0356937
-0.038
-0.04031
-0.0426218
-0.0449337
-0.0472439
-0.0495503
-0.0518506
-0.0541467
-0.0564372
-0.0136961
-0.015826
-0.0179601
-0.0200852
-0.0222144
-0.0243581
-0.0265181
-0.0286913
-0.0308741
-0.0330645
-0.035261
-0.0374622
-0.0396667
-0.0418727
-0.0440787
-0.0462828
-0.0484833
-0.050678
-0.0528678
-0.0550513
-0.0141733
-0.016216
-0.0182642
-0.0203089
-0.0223596
-0.0244235
-0.0265016
-0.028591
-0.0306891
-0.0327938
-0.034904
-0.0370181
-0.0391348
-0.0412525
-0.0433696
-0.0454845
-0.0475957
-0.0497013
-0.0518015
-0.0538947
-0.0145277
-0.0165089
-0.0184963
-0.0204828
-0.0224755
-0.0244799
-0.0264963
-0.0285223
-0.0305558
-0.0325949
-0.0346383
-0.0366848
-0.038733
-0.0407814
-0.0428285
-0.0448728
-0.0469126
-0.0489463
-0.0509737
-0.052994
-0.0147668
-0.0167126
-0.018664
-0.0206144
-0.0225697
-0.0245341
-0.0265081
-0.0284899
-0.0304772
-0.0324688
-0.0344634
-0.0364598
-0.0384568
-0.0404531
-0.0424475
-0.0444387
-0.0464255
-0.0484066
-0.0503812
-0.0523476
-0.0148904
-0.0168278
-0.0187714
-0.0207151
-0.0226624
-0.0246165
-0.0265774
-0.0285435
-0.0305129
-0.0324842
-0.0344562
-0.0364278
-0.0383979
-0.0403652
-0.0423287
-0.044287
-0.0462389
-0.048183
-0.0501193
-0.0520479
0.103231
0.106147
0.10618
0.112373
0.114798
0.124043
0.129553
0.142025
0.15045
0.165144
0.173627
0.185979
0.184956
0.181503
0.143241
0.103082
0.105943
0.105943
0.11193
0.114264
0.123093
0.128315
0.139991
0.147676
0.160832
0.167717
0.177119
0.173424
0.164295
0.12801
0.102917
0.105717
0.10567
0.111431
0.113637
0.122012
0.126876
0.137692
0.144533
0.15609
0.161323
0.16791
0.16201
0.149183
0.116309
0.102735
0.105464
0.105368
0.110876
0.112948
0.120821
0.125308
0.13519
0.141168
0.151035
0.154681
0.158477
0.150835
0.135276
0.104548
0.102535
0.105181
0.105039
0.110265
0.1122
0.119523
0.123624
0.132505
0.137624
0.145737
0.1479
0.148997
0.139967
0.122237
0.092743
0.102316
0.104868
0.104681
0.109595
0.111387
0.118116
0.121816
0.129638
0.133902
0.140224
0.141009
0.139568
0.129405
0.11004
0.08151
0.102079
0.104521
0.104291
0.108862
0.110506
0.116593
0.119883
0.126588
0.130006
0.134524
0.13403
0.130268
0.119164
0.098719
0.0711438
0.10182
0.104137
0.103868
0.108063
0.109555
0.114953
0.117824
0.123365
0.125947
0.128678
0.126996
0.121172
0.109281
0.0882739
0.0616837
0.101541
0.103714
0.103412
0.107196
0.108532
0.113197
0.115639
0.11998
0.121739
0.122736
0.119946
0.112354
0.0997988
0.0786659
0.053086
0.101241
0.103249
0.102919
0.106258
0.107434
0.111326
0.11333
0.116454
0.117396
0.116749
0.112918
0.103868
0.0907511
0.0698387
0.045305
0.100918
0.10274
0.102391
0.10525
0.106261
0.109347
0.110898
0.112809
0.112934
0.110769
0.10595
0.0957537
0.0821715
0.0617357
0.0382979
0.100573
0.102186
0.101824
0.104174
0.10501
0.107268
0.108347
0.109071
0.108375
0.104843
0.0990848
0.0880324
0.0740917
0.0543067
0.0320147
0.100206
0.101584
0.101217
0.103032
0.103679
0.105102
0.10568
0.105271
0.103743
0.0990137
0.0923663
0.0807159
0.0665382
0.0475086
0.0263969
0.0998166
0.100937
0.100569
0.101829
0.102267
0.102863
0.102905
0.101437
0.0990669
0.093314
0.0858411
0.0738096
0.0595266
0.0413039
0.0213824
0.0994058
0.100244
0.0998767
0.100576
0.100772
0.100568
0.100037
0.0975971
0.0943805
0.0877719
0.0795556
0.0673149
0.0530593
0.0356594
0.0169122
0.0989738
0.0995101
0.0991382
0.0992803
0.0991977
0.0982334
0.0970894
0.0937756
0.0897222
0.0824112
0.0735524
0.0612325
0.0471267
0.0305442
0.0129334
0.0985212
0.0987405
0.0983507
0.0979552
0.0975491
0.0958771
0.0940857
0.0899959
0.0851341
0.0772528
0.0678667
0.0555636
0.0417096
0.0259284
0.00940046
0.0980488
0.0979433
0.0975136
0.0966121
0.0958354
0.0935151
0.0910525
0.0862801
0.0806593
0.0723173
0.0625247
0.0503096
0.0367844
0.0217815
0.00627386
0.0975575
0.0971285
0.0966289
0.0952625
0.0940705
0.0911635
0.0880218
0.0826498
0.076339
0.067626
0.0575438
0.045471
0.0323262
0.018073
0.00351847
0.0970489
0.0963073
0.0957013
0.0939176
0.0922733
0.0888388
0.0850292
0.0791285
0.0722112
0.0632014
0.0529338
0.041046
0.0283111
0.0147731
0.00110228
0.0965256
0.0954923
0.0947393
0.0925884
0.0904674
0.0865586
0.0821121
0.0757422
0.068309
0.0590665
0.0487001
0.0370298
0.0247169
0.0118536
-0.00100409
0.0959922
0.0946968
0.0937555
0.0912863
0.088681
0.0843428
0.0793079
0.0725208
0.0646612
0.0552427
0.0448458
0.0334153
0.0215231
0.00928835
-0.00282736
0.095455
0.0939339
0.0927674
0.0900236
0.0869452
0.0822155
0.0766533
0.0694971
0.0612937
0.05175
0.0413736
0.0301946
0.0187105
0.00705389
-0.00439154
0.0949233
0.0932168
0.0917968
0.0888148
0.0852936
0.0802056
0.0741837
0.0667062
0.058231
0.0486063
0.0382865
0.0273601
0.0162621
0.00512933
-0.00571801
0.0944089
0.0925585
0.0908697
0.0876779
0.0837603
0.0783478
0.0719349
0.064184
0.0554982
0.0458287
0.0355888
0.024906
0.0141634
0.00349663
-0.00682575
0.0939272
0.091972
0.0900154
0.0866361
0.0823801
0.0766814
0.0699439
0.0619673
0.0531223
0.0434354
0.033287
0.0228297
0.0124038
0.00214106
-0.00773114
0.0934966
0.0914705
0.0892653
0.0857194
0.0811891
0.0752492
0.0682504
0.0600949
0.0511333
0.0414478
0.0313915
0.0211326
0.0109772
0.00105195
-0.00844765
0.0931387
0.0910678
0.0886508
0.0849651
0.0802258
0.0740965
0.0668981
0.0586088
0.0495663
0.0398924
0.0299189
0.0198228
0.0098838
0.000224101
-0.00898479
0.092878
0.0907807
0.0882044
0.084415
0.0795329
0.0732719
0.0659357
0.0575567
0.0484629
0.0388038
0.0288942
0.018917
0.0091323
-0.000340192
-0.00934646
0.0927363
0.0906314
0.0879611
0.0841157
0.079158
0.0728295
0.0654198
0.0569954
0.0478748
0.0382273
0.0283531
0.0184424
0.0087402
-0.000631215
-0.00952948
0.104204
0.107553
0.107216
0.114681
0.116489
0.128
0.133373
0.149802
0.160509
0.183366
0.201898
0.233308
0.262905
0.305729
0.349239
0.104199
0.107546
0.107212
0.114669
0.116483
0.12798
0.133358
0.149765
0.160465
0.183284
0.201763
0.233093
0.262515
0.305124
0.348184
0.10419
0.107531
0.107203
0.114646
0.11647
0.127939
0.133329
0.149691
0.160376
0.183119
0.201492
0.232662
0.261735
0.303916
0.346075
0.104177
0.107509
0.107191
0.114612
0.116458
0.127879
0.133284
0.14958
0.160244
0.182873
0.201087
0.232017
0.260568
0.302109
0.342916
0.104159
0.10748
0.107174
0.114567
0.116434
0.127792
0.133224
0.149433
0.160068
0.182544
0.200549
0.231158
0.259017
0.299707
0.338716
0.104136
0.107444
0.107153
0.11451
0.116407
0.127701
0.133147
0.149251
0.159849
0.182134
0.199881
0.230086
0.257085
0.296718
0.333484
0.104109
0.107401
0.107127
0.114442
0.116373
0.127593
0.133055
0.149034
0.159588
0.181643
0.199085
0.228801
0.254779
0.293147
0.327232
0.104077
0.107352
0.107097
0.114364
0.116332
0.127456
0.132948
0.148782
0.159284
0.181071
0.198163
0.227304
0.252105
0.289003
0.319978
0.104041
0.107295
0.107062
0.114275
0.116283
0.127307
0.132826
0.148498
0.158939
0.18042
0.197119
0.225597
0.24907
0.284295
0.311742
0.104001
0.107233
0.107023
0.114176
0.116226
0.127141
0.132688
0.148182
0.158552
0.179691
0.195956
0.22368
0.245683
0.279031
0.302546
0.103955
0.107164
0.106978
0.114067
0.116161
0.126959
0.132535
0.147836
0.158124
0.178885
0.194677
0.221555
0.241954
0.273222
0.292418
0.103906
0.107089
0.106929
0.113948
0.116087
0.126763
0.132366
0.14746
0.157656
0.178004
0.193285
0.219222
0.237893
0.266876
0.281388
0.103851
0.107009
0.106875
0.113822
0.116005
0.126554
0.132181
0.147057
0.157149
0.17705
0.191783
0.216683
0.233512
0.260004
0.26949
0.103793
0.106923
0.106813
0.113684
0.115914
0.126331
0.131979
0.146627
0.156601
0.176026
0.190172
0.21394
0.228825
0.252612
0.256759
0.103729
0.106833
0.106741
0.113531
0.115813
0.126097
0.131762
0.146173
0.156015
0.174934
0.188457
0.210997
0.223843
0.244708
0.243234
0.103661
0.106739
0.106695
0.113397
0.115703
0.125851
0.131529
0.145695
0.155389
0.173776
0.186636
0.207857
0.21858
0.236294
0.228954
0.103589
0.106639
0.106615
0.11324
0.115582
0.125593
0.131277
0.145191
0.154721
0.172549
0.184706
0.204516
0.213046
0.227371
0.213959
0.103512
0.106534
0.106532
0.113073
0.115458
0.125331
0.131016
0.144676
0.154027
0.171276
0.182689
0.201008
0.207271
0.217958
0.198293
0.103431
0.106424
0.106449
0.112909
0.115336
0.12508
0.130768
0.144189
0.153352
0.170029
0.180645
0.197408
0.201262
0.208006
0.181884
0.103346
0.106311
0.106349
0.112717
0.115169
0.124759
0.13042
0.143555
0.152473
0.168492
0.178219
0.193268
0.194675
0.197155
0.164621
0.103346
0.106311
0.106349
0.112717
0.115169
0.124759
0.13042
0.143555
0.152473
0.168492
0.178219
0.193267
0.194675
0.197155
0.164621
0.103431
0.106424
0.106449
0.112909
0.115336
0.12508
0.130768
0.144189
0.153352
0.170029
0.180645
0.197408
0.201262
0.208006
0.181884
0.103512
0.106534
0.106532
0.113072
0.115458
0.125331
0.131016
0.144676
0.154027
0.171276
0.182689
0.201008
0.207271
0.217958
0.198293
0.103589
0.106639
0.106615
0.11324
0.115582
0.125593
0.131276
0.145191
0.154721
0.172549
0.184706
0.204516
0.213046
0.227371
0.213959
0.103661
0.106739
0.106695
0.113397
0.115703
0.125851
0.131529
0.145695
0.155389
0.173776
0.186636
0.207857
0.21858
0.236294
0.228954
0.103729
0.106833
0.106741
0.113531
0.115813
0.126097
0.131762
0.146173
0.156015
0.174934
0.188457
0.210997
0.223843
0.244708
0.243234
0.103793
0.106923
0.106813
0.113684
0.115914
0.126331
0.131979
0.146627
0.156601
0.176026
0.190172
0.21394
0.228824
0.252612
0.256759
0.103851
0.107009
0.106875
0.113822
0.116005
0.126554
0.132181
0.147057
0.157149
0.17705
0.191783
0.216683
0.233512
0.260004
0.26949
0.103906
0.107089
0.106929
0.113948
0.116087
0.126763
0.132366
0.14746
0.157656
0.178004
0.193285
0.219222
0.237893
0.266876
0.281388
0.103955
0.107164
0.106978
0.114067
0.116161
0.126959
0.132535
0.147836
0.158124
0.178885
0.194677
0.221555
0.241954
0.273222
0.292418
0.104001
0.107233
0.107023
0.114176
0.116226
0.127141
0.132688
0.148182
0.158552
0.179691
0.195956
0.22368
0.245683
0.279031
0.302546
0.104041
0.107295
0.107062
0.114275
0.116283
0.127307
0.132826
0.148498
0.158939
0.18042
0.197119
0.225597
0.24907
0.284295
0.311742
0.104077
0.107352
0.107097
0.114364
0.116332
0.127456
0.132948
0.148782
0.159284
0.181071
0.198163
0.227304
0.252105
0.289003
0.319978
0.104109
0.107401
0.107127
0.114442
0.116373
0.127593
0.133055
0.149034
0.159588
0.181643
0.199085
0.228801
0.254779
0.293147
0.327232
0.104136
0.107444
0.107153
0.11451
0.116407
0.127701
0.133147
0.149251
0.159849
0.182134
0.199881
0.230086
0.257085
0.296718
0.333484
0.104159
0.10748
0.107174
0.114567
0.116434
0.127792
0.133224
0.149433
0.160068
0.182544
0.200549
0.231158
0.259017
0.299707
0.338716
0.104177
0.107509
0.107191
0.114612
0.116458
0.127879
0.133284
0.14958
0.160244
0.182873
0.201087
0.232017
0.260568
0.302109
0.342916
0.10419
0.107531
0.107203
0.114646
0.11647
0.127939
0.133329
0.149691
0.160376
0.183119
0.201492
0.232662
0.261735
0.303916
0.346075
0.104199
0.107546
0.107212
0.114669
0.116483
0.12798
0.133358
0.149765
0.160465
0.183284
0.201763
0.233093
0.262515
0.305124
0.348184
0.104204
0.107553
0.107216
0.114681
0.116489
0.128
0.133373
0.149802
0.160509
0.183366
0.201898
0.233308
0.262905
0.305729
0.349239
0.0927363
0.0906314
0.0879611
0.0841157
0.079158
0.0728295
0.0654197
0.0569954
0.0478747
0.0382273
0.028353
0.0184423
0.00874015
-0.000631268
-0.00952953
0.0928779
0.0907807
0.0882044
0.0844149
0.0795329
0.0732718
0.0659357
0.0575566
0.0484629
0.0388037
0.0288942
0.018917
0.00913224
-0.000340246
-0.00934651
0.0931387
0.0910678
0.0886507
0.084965
0.0802258
0.0740964
0.066898
0.0586087
0.0495662
0.0398924
0.0299189
0.0198228
0.00988374
0.000224045
-0.00898484
0.0934966
0.0914704
0.0892652
0.0857194
0.081189
0.0752492
0.0682504
0.0600948
0.0511333
0.0414477
0.0313914
0.0211325
0.0109771
0.00105189
-0.0084477
0.0939272
0.0919719
0.0900154
0.0866361
0.0823801
0.0766814
0.0699439
0.0619673
0.0531222
0.0434353
0.0332869
0.0228296
0.0124038
0.002141
-0.0077312
0.0944089
0.0925585
0.0908697
0.0876779
0.0837603
0.0783478
0.0719348
0.0641839
0.0554982
0.0458286
0.0355887
0.024906
0.0141634
0.00349656
-0.00682581
0.0949233
0.0932167
0.0917967
0.0888148
0.0852936
0.0802056
0.0741836
0.0667061
0.0582309
0.0486062
0.0382865
0.02736
0.016262
0.00512926
-0.00571808
0.095455
0.0939338
0.0927674
0.0900236
0.0869452
0.0822155
0.0766532
0.0694971
0.0612936
0.05175
0.0413735
0.0301945
0.0187104
0.00705382
-0.00439161
0.0959922
0.0946968
0.0937555
0.0912863
0.0886809
0.0843428
0.0793079
0.0725207
0.0646611
0.0552427
0.0448457
0.0334153
0.021523
0.00928828
-0.00282744
0.0965256
0.0954923
0.0947393
0.0925884
0.0904674
0.0865585
0.082112
0.0757421
0.0683089
0.0590664
0.0487
0.0370297
0.0247169
0.0118535
-0.00100417
0.0970488
0.0963072
0.0957013
0.0939176
0.0922732
0.0888388
0.0850291
0.0791284
0.0722111
0.0632014
0.0529337
0.0410459
0.028311
0.0147731
0.00110219
0.0975575
0.0971284
0.0966289
0.0952625
0.0940705
0.0911634
0.0880217
0.0826498
0.076339
0.0676259
0.0575437
0.0454709
0.0323261
0.0180729
0.00351838
0.0980488
0.0979433
0.0975136
0.0966121
0.0958353
0.093515
0.0910524
0.08628
0.0806592
0.0723172
0.0625247
0.0503095
0.0367843
0.0217814
0.00627376
0.0985212
0.0987404
0.0983507
0.0979552
0.097549
0.0958771
0.0940857
0.0899959
0.0851341
0.0772528
0.0678666
0.0555635
0.0417095
0.0259283
0.00940036
0.0989737
0.0995101
0.0991381
0.0992803
0.0991977
0.0982334
0.0970894
0.0937755
0.0897221
0.0824112
0.0735523
0.0612324
0.0471266
0.0305441
0.0129333
0.0994058
0.100244
0.0998767
0.100576
0.100772
0.100567
0.100037
0.0975971
0.0943804
0.0877719
0.0795556
0.0673148
0.0530592
0.0356593
0.0169121
0.0998166
0.100937
0.100569
0.101829
0.102267
0.102863
0.102905
0.101437
0.0990669
0.0933139
0.0858411
0.0738095
0.0595265
0.0413038
0.0213823
0.100206
0.101584
0.101217
0.103032
0.103679
0.105102
0.105679
0.105271
0.103743
0.0990137
0.0923662
0.0807159
0.0665381
0.0475085
0.0263968
0.100573
0.102185
0.101824
0.104174
0.10501
0.107268
0.108346
0.109071
0.108375
0.104843
0.0990847
0.0880323
0.0740917
0.0543066
0.0320146
0.100918
0.10274
0.102391
0.10525
0.106261
0.109347
0.110898
0.112809
0.112934
0.110769
0.10595
0.0957536
0.0821714
0.0617356
0.0382977
0.101241
0.103249
0.102919
0.106258
0.107434
0.111326
0.11333
0.116454
0.117396
0.116749
0.112918
0.103868
0.090751
0.0698386
0.0453048
0.101541
0.103714
0.103412
0.107196
0.108532
0.113197
0.115639
0.11998
0.121739
0.122736
0.119946
0.112354
0.0997987
0.0786658
0.0530858
0.10182
0.104137
0.103868
0.108063
0.109555
0.114953
0.117824
0.123365
0.125947
0.128678
0.126996
0.121172
0.109281
0.0882738
0.0616836
0.102079
0.104521
0.104291
0.108862
0.110506
0.116593
0.119883
0.126588
0.130006
0.134524
0.13403
0.130268
0.119164
0.0987189
0.0711437
0.102316
0.104868
0.104681
0.109595
0.111387
0.118116
0.121816
0.129638
0.133902
0.140224
0.141009
0.139568
0.129405
0.11004
0.0815099
0.102535
0.105181
0.105039
0.110265
0.1122
0.119523
0.123624
0.132505
0.137624
0.145737
0.1479
0.148997
0.139967
0.122237
0.0927429
0.102735
0.105464
0.105368
0.110876
0.112948
0.120821
0.125308
0.13519
0.141168
0.151035
0.154681
0.158477
0.150835
0.135276
0.104548
0.102917
0.105717
0.10567
0.111431
0.113637
0.122012
0.126876
0.137692
0.144533
0.15609
0.161323
0.16791
0.16201
0.149183
0.116309
0.103082
0.105943
0.105943
0.11193
0.114264
0.123093
0.128315
0.13999
0.147676
0.160832
0.167717
0.177119
0.173424
0.164295
0.12801
0.103231
0.106147
0.10618
0.112373
0.114798
0.124043
0.129553
0.142025
0.15045
0.165144
0.173627
0.185979
0.184956
0.181503
0.143241
-0.0148905
-0.0168279
-0.0187715
-0.0207151
-0.0226624
-0.0246165
-0.0265775
-0.0285436
-0.030513
-0.0324842
-0.0344562
-0.0364278
-0.0383979
-0.0403653
-0.0423287
-0.0442871
-0.0462389
-0.048183
-0.0501193
-0.0520479
-0.0147669
-0.0167127
-0.0186641
-0.0206145
-0.0225697
-0.0245342
-0.0265082
-0.0284899
-0.0304773
-0.0324689
-0.0344634
-0.0364598
-0.0384568
-0.0404532
-0.0424476
-0.0444388
-0.0464255
-0.0484067
-0.0503812
-0.0523477
-0.0145278
-0.016509
-0.0184963
-0.0204828
-0.0224756
-0.02448
-0.0264963
-0.0285224
-0.0305558
-0.0325949
-0.0346384
-0.0366848
-0.038733
-0.0407814
-0.0428285
-0.0448728
-0.0469127
-0.0489464
-0.0509738
-0.052994
-0.0141733
-0.0162161
-0.0182643
-0.020309
-0.0223596
-0.0244236
-0.0265016
-0.028591
-0.0306891
-0.0327939
-0.034904
-0.0370181
-0.0391348
-0.0412525
-0.0433696
-0.0454846
-0.0475957
-0.0497014
-0.0518015
-0.0538947
-0.0136961
-0.0158261
-0.0179602
-0.0200853
-0.0222144
-0.0243582
-0.0265182
-0.0286913
-0.0308742
-0.0330646
-0.0352611
-0.0374623
-0.0396667
-0.0418728
-0.0440787
-0.0462829
-0.0484833
-0.050678
-0.0528679
-0.0550514
-0.0130847
-0.0153276
-0.0175736
-0.0198017
-0.0220296
-0.0242727
-0.0265343
-0.0288108
-0.0310977
-0.0333926
-0.0356938
-0.0380001
-0.04031
-0.0426219
-0.0449338
-0.0472439
-0.0495504
-0.0518506
-0.0541468
-0.0564373
-0.0123249
-0.0147075
-0.0170929
-0.0194475
-0.0217944
-0.0241565
-0.0265396
-0.0289392
-0.0313497
-0.0337681
-0.0361927
-0.0386224
-0.0410557
-0.043491
-0.0459263
-0.0483597
-0.0507888
-0.0532105
-0.0556293
-0.0580433
-0.0114006
-0.0139511
-0.0165059
-0.0190117
-0.0214986
-0.0239997
-0.0265246
-0.0290677
-0.031622
-0.0341834
-0.0367503
-0.0393219
-0.0418969
-0.0444734
-0.0470493
-0.0496225
-0.0521903
-0.0547484
-0.0573056
-0.0598597
-0.0102939
-0.0130429
-0.0158
-0.0184834
-0.0211321
-0.0237929
-0.0264807
-0.0291888
-0.0319076
-0.0346322
-0.037361
-0.0400937
-0.0428293
-0.0455661
-0.0483021
-0.0510349
-0.0537605
-0.0564683
-0.0591783
-0.0618878
-0.00898538
-0.011966
-0.014962
-0.017852
-0.0206854
-0.0235276
-0.0264006
-0.0292962
-0.0322014
-0.0351097
-0.0380199
-0.0409321
-0.0438453
-0.0467578
-0.0496675
-0.0525725
-0.0554711
-0.0583658
-0.0612549
-0.0641355
-0.00745362
-0.0107025
-0.0139786
-0.017107
-0.0201499
-0.0231968
-0.0262794
-0.0293871
-0.0325026
-0.0356174
-0.0387308
-0.0418435
-0.0449552
-0.0480639
-0.0511676
-0.0542645
-0.0573541
-0.0604469
-0.0635289
-0.0665969
-0.00567489
-0.00923272
-0.0128355
-0.0162376
-0.0195165
-0.0227934
-0.0261121
-0.0294589
-0.0328106
-0.0361566
-0.0394966
-0.0428327
-0.0461649
-0.0494917
-0.0528107
-0.05612
-0.0594183
-0.0627154
-0.0660026
-0.0692755
-0.0036228
-0.00753468
-0.0115169
-0.0152319
-0.0187757
-0.0223099
-0.0258939
-0.0295093
-0.0331253
-0.0367285
-0.0403199
-0.0439028
-0.047478
-0.051044
-0.0545979
-0.0581377
-0.0616619
-0.065183
-0.068694
-0.0721894
-0.00126803
-0.00558387
-0.0100051
-0.0140767
-0.0179172
-0.0217387
-0.0256202
-0.0295368
-0.0334479
-0.037337
-0.0412063
-0.0450616
-0.0489042
-0.0527324
-0.0565431
-0.0603339
-0.0641025
-0.0678666
-0.07162
-0.075355
0.00142239
-0.00335269
-0.0082806
-0.0127578
-0.0169296
-0.0210718
-0.0252869
-0.0295411
-0.0337812
-0.0379873
-0.0421639
-0.0463192
-0.0504557
-0.0545712
-0.058662
-0.0627251
-0.0667566
-0.070783
-0.0747981
-0.0787911
0.00448542
-0.000810389
-0.00632142
-0.0112588
-0.0158001
-0.0203002
-0.0248896
-0.029522
-0.0341287
-0.0386858
-0.0432015
-0.0476875
-0.0521468
-0.0565768
-0.0609727
-0.0653306
-0.0696426
-0.0739515
-0.0782495
-0.0825201
0.00796216
0.00207666
-0.00410343
-0.00956077
-0.0145133
-0.0194133
-0.0244233
-0.0294796
-0.0344939
-0.0394392
-0.044329
-0.0491793
-0.0539941
-0.0587697
-0.0634998
-0.0681769
-0.072785
-0.0773962
-0.0819981
-0.0865649
0.0118972
0.00534413
-0.00160008
-0.00764181
-0.0130513
-0.0183993
-0.0238832
-0.0294142
-0.034881
-0.0402544
-0.0455551
-0.0508043
-0.0560073
-0.0611625
-0.066266
-0.0713098
-0.0762463
-0.0811846
-0.0861028
-0.0909737
0.0163372
0.00902906
0.00121812
-0.00547571
-0.0113927
-0.017245
-0.0232642
-0.0293274
-0.0352967
-0.0411428
-0.0468952
-0.0525776
-0.0581917
-0.0637284
-0.0691839
-0.0745697
-0.0799934
-0.0853357
-0.0905883
-0.0957716
0.0213292
0.0131695
0.00438467
-0.00303087
-0.00951192
-0.0159347
-0.02256
-0.0292197
-0.0357478
-0.0421198
-0.0483771
-0.0545479
-0.0606338
-0.0666263
-0.0725233
-0.0783281
-0.0841124
-0.0898221
-0.0954392
-0.100971
0.0269179
0.0178039
0.00793785
-0.00026942
-0.00737848
-0.0144492
-0.0217606
-0.0290869
-0.0362356
-0.0431923
-0.050012
-0.0567246
-0.0633274
-0.0698082
-0.0761625
-0.0823902
-0.0885869
-0.0947077
-0.100721
-0.106626
0.0331432
0.0229701
0.0119203
0.00285277
-0.00495696
-0.0127657
-0.0208517
-0.0289199
-0.0367559
-0.0443626
-0.0518086
-0.0591224
-0.0662955
-0.0733129
-0.0801677
-0.0868519
-0.0935003
-0.100065
-0.106496
-0.112788
0.0400392
0.028703
0.0163782
0.00638582
-0.0022078
-0.0108586
-0.019816
-0.0287056
-0.0373022
-0.0456333
-0.0537787
-0.0617613
-0.0695682
-0.0771835
-0.084595
-0.0917667
-0.098906
-0.105943
-0.112811
-0.119504
0.0476372
0.0350377
0.0213647
0.0103879
0.000912067
-0.00870054
-0.0186317
-0.0284264
-0.0378652
-0.0470056
-0.0559298
-0.0646488
-0.0731468
-0.0814166
-0.0894592
-0.0972278
-0.104918
-0.112439
-0.119743
-0.126844
0.0559716
0.0420234
0.026957
0.0149345
0.00445284
-0.00625854
-0.0172696
-0.0280571
-0.038433
-0.0484837
-0.0582792
-0.0678079
-0.0770327
-0.0859391
-0.0945507
-0.103192
-0.111551
-0.119583
-0.127339
-0.134863
0.0650642
0.049736
0.0332747
0.0201311
0.00848103
-0.00348538
-0.015684
-0.0275595
-0.038984
-0.0500656
-0.060852
-0.071315
-0.0814185
-0.0911525
-0.100512
-0.109785
-0.118771
-0.127383
-0.13565
-0.143623
0.0748491
0.0582382
0.0404653
0.0261143
0.0130863
-0.000312553
-0.0138116
-0.0268855
-0.0394908
-0.0517371
-0.0636393
-0.0751551
-0.0862395
-0.0968464
-0.106951
-0.116977
-0.126687
-0.135939
-0.14476
-0.153212
0.0850203
0.0674127
0.0486076
0.0330181
0.0183888
0.00338955
-0.0115199
-0.0259282
-0.0398722
-0.05343
-0.0665808
-0.0792937
-0.0915535
-0.103347
-0.114247
-0.125081
-0.135507
-0.145387
-0.154781
-0.163737
0.0950059
0.0767532
0.0574732
0.0406786
0.0242525
0.00755595
-0.00885126
-0.0247415
-0.0401831
-0.055193
-0.0697183
-0.0836879
-0.0970104
-0.109598
-0.122266
-0.134151
-0.145235
-0.155721
-0.165705
-0.17519
0.104588
0.086347
0.0674832
0.0495028
0.0312845
0.0129705
-0.00499086
-0.0225057
-0.0395796
-0.0561605
-0.0721922
-0.0876471
-0.102534
-0.116818
-0.130862
-0.143844
-0.15582
-0.167063
-0.177683
-0.187685
-0.0539672
-0.0558755
-0.0577715
-0.0596544
-0.0615235
-0.063378
-0.0652173
-0.0670404
-0.0688468
-0.0706357
-0.0724064
-0.0741584
-0.0758911
-0.0776038
-0.0792961
-0.0809674
-0.0826172
-0.0842451
-0.0858511
-0.087435
-0.0543045
-0.0562505
-0.0581848
-0.0601061
-0.0620135
-0.0639059
-0.0657823
-0.0676417
-0.0694832
-0.0713059
-0.0731089
-0.0748913
-0.0766525
-0.0783916
-0.0801079
-0.0818007
-0.0834694
-0.0851133
-0.0867327
-0.0883276
-0.0550053
-0.0570058
-0.0589941
-0.0609689
-0.0629292
-0.064874
-0.066802
-0.0687124
-0.0706041
-0.0724761
-0.0743276
-0.0761577
-0.0779656
-0.0797506
-0.0815121
-0.0832492
-0.0849617
-0.0866487
-0.0883113
-0.0899501
-0.0559789
-0.0580522
-0.0601132
-0.0621608
-0.0641938
-0.0662111
-0.0682114
-0.0701938
-0.0721571
-0.0741003
-0.0760226
-0.0779231
-0.0798009
-0.0816554
-0.0834857
-0.0852912
-0.0870716
-0.0888261
-0.0905563
-0.0922638
-0.0572261
-0.05939
-0.0615416
-0.0636795
-0.0658028
-0.0679101
-0.0700003
-0.0720723
-0.0741251
-0.0761576
-0.0781689
-0.0801581
-0.0821245
-0.0840674
-0.085986
-0.0878797
-0.0897483
-0.0915911
-0.0934106
-0.0952094
-0.0587191
-0.06099
-0.0632484
-0.0654931
-0.067723
-0.069937
-0.0721338
-0.0743124
-0.0764718
-0.0786108
-0.0807288
-0.0828247
-0.084898
-0.0869479
-0.0889738
-0.0909751
-0.0929518
-0.0949032
-0.096833
-0.0987448
-0.0604488
-0.062843
-0.0652244
-0.0675919
-0.0699446
-0.0722814
-0.074601
-0.0769025
-0.0791848
-0.081447
-0.0836883
-0.0859079
-0.0881052
-0.0902795
-0.0924304
-0.0945572
-0.0966602
-0.0987388
-0.100798
-0.102843
-0.0624055
-0.0649392
-0.0674595
-0.0699655
-0.0724566
-0.0749317
-0.0773898
-0.0798297
-0.0822506
-0.0846516
-0.0870322
-0.0893914
-0.0917289
-0.0940441
-0.0963366
-0.0986059
-0.100852
-0.103076
-0.105282
-0.107479
-0.0645891
-0.0672776
-0.0699519
-0.0726116
-0.0752561
-0.0778846
-0.080496
-0.0830893
-0.0856639
-0.0882189
-0.0907538
-0.093268
-0.0957611
-0.0982327
-0.100683
-0.10311
-0.105517
-0.107901
-0.110272
-0.112639
-0.067005
-0.0698616
-0.0727043
-0.0755324
-0.0783449
-0.0811411
-0.0839201
-0.0866812
-0.0894236
-0.0921469
-0.0948505
-0.097534
-0.100197
-0.10284
-0.105462
-0.108063
-0.110644
-0.113206
-0.115757
-0.11831
-0.0696511
-0.0726918
-0.0757183
-0.0787296
-0.0817248
-0.0847031
-0.0876639
-0.0906067
-0.0935309
-0.0964363
-0.0993224
-0.102189
-0.105036
-0.107864
-0.110672
-0.11346
-0.11623
-0.118983
-0.121729
-0.124484
-0.072533
-0.0757749
-0.0790008
-0.0822102
-0.0854026
-0.0885773
-0.0917339
-0.094872
-0.0979915
-0.101092
-0.104174
-0.107236
-0.11028
-0.113305
-0.116312
-0.1193
-0.122272
-0.125228
-0.128182
-0.131154
-0.0756667
-0.0791254
-0.0825658
-0.0859879
-0.0893914
-0.092776
-0.0961415
-0.0994878
-0.102815
-0.106123
-0.109412
-0.112682
-0.115934
-0.119168
-0.122385
-0.125584
-0.128769
-0.13194
-0.135113
-0.138315
-0.0790682
-0.0827592
-0.0864287
-0.0900775
-0.0937057
-0.0973132
-0.1009
-0.104466
-0.108013
-0.111539
-0.115046
-0.118535
-0.122005
-0.125458
-0.128894
-0.132313
-0.13572
-0.139114
-0.142517
-0.145958
-0.0827569
-0.0866954
-0.0906086
-0.0944977
-0.0983635
-0.102206
-0.106026
-0.109823
-0.113599
-0.117354
-0.121088
-0.124803
-0.1285
-0.132179
-0.135842
-0.139489
-0.143124
-0.146749
-0.150386
-0.154076
-0.0867557
-0.0909572
-0.095128
-0.0992706
-0.103386
-0.107475
-0.111537
-0.115575
-0.119589
-0.12358
-0.127549
-0.131498
-0.135427
-0.139337
-0.143231
-0.14711
-0.150977
-0.154835
-0.158712
-0.162654
-0.0910868
-0.0955665
-0.100009
-0.104418
-0.108794
-0.113139
-0.117454
-0.12174
-0.125999
-0.130232
-0.134441
-0.138627
-0.142792
-0.146938
-0.151065
-0.155175
-0.159274
-0.163364
-0.167478
-0.171674
-0.0957918
-0.100562
-0.105288
-0.109973
-0.114619
-0.119228
-0.123801
-0.128341
-0.132848
-0.137326
-0.141776
-0.146199
-0.1506
-0.154978
-0.159338
-0.163679
-0.168007
-0.172325
-0.17667
-0.181113
-0.100898
-0.10597
-0.110991
-0.115962
-0.120885
-0.125762
-0.130598
-0.135394
-0.140152
-0.144876
-0.149566
-0.154226
-0.158856
-0.16346
-0.16804
-0.172602
-0.177151
-0.181692
-0.186263
-0.190945
-0.10643
-0.11182
-0.117146
-0.122411
-0.127617
-0.132768
-0.137867
-0.142918
-0.147923
-0.152888
-0.157813
-0.162705
-0.167562
-0.172389
-0.177179
-0.181946
-0.186688
-0.191431
-0.196208
-0.201127
-0.112433
-0.118153
-0.123793
-0.129358
-0.13485
-0.140275
-0.145637
-0.150938
-0.156183
-0.161377
-0.16652
-0.171623
-0.176686
-0.181724
-0.18672
-0.191699
-0.196623
-0.201554
-0.20649
-0.211636
-0.118956
-0.125015
-0.130975
-0.13684
-0.142616
-0.148309
-0.153925
-0.159469
-0.164946
-0.17036
-0.17571
-0.181006
-0.186237
-0.19144
-0.196587
-0.201754
-0.206848
-0.212009
-0.217086
-0.222483
-0.126045
-0.132452
-0.138733
-0.144896
-0.150948
-0.156897
-0.162748
-0.168512
-0.174195
-0.179808
-0.185351
-0.19084
-0.196246
-0.201612
-0.206859
-0.212142
-0.217281
-0.222648
-0.227817
-0.233599
-0.133766
-0.140522
-0.147123
-0.153576
-0.159891
-0.166076
-0.17214
-0.178091
-0.183936
-0.189692
-0.195363
-0.200985
-0.206534
-0.212085
-0.217493
-0.222969
-0.228117
-0.233635
-0.238661
-0.244932
-0.142172
-0.149277
-0.156187
-0.162916
-0.169474
-0.175873
-0.182124
-0.188236
-0.194213
-0.200068
-0.205799
-0.211443
-0.216982
-0.222547
-0.228001
-0.233694
-0.238994
-0.244919
-0.249754
-0.256652
-0.151327
-0.158774
-0.165978
-0.172954
-0.179718
-0.186287
-0.192677
-0.198903
-0.204978
-0.210915
-0.216708
-0.222375
-0.227872
-0.233305
-0.23853
-0.244034
-0.24916
-0.255463
-0.260273
-0.268356
-0.161323
-0.169106
-0.176581
-0.183764
-0.190678
-0.197342
-0.203778
-0.210012
-0.216069
-0.221978
-0.227761
-0.233447
-0.239008
-0.244495
-0.249715
-0.255024
-0.2597
-0.265668
-0.269828
-0.279251
-0.17227
-0.180391
-0.188118
-0.195475
-0.202484
-0.209165
-0.215542
-0.221641
-0.227493
-0.233137
-0.23862
-0.244005
-0.249345
-0.254738
-0.260124
-0.265732
-0.270861
-0.276956
-0.280541
-0.290557
-0.184164
-0.192635
-0.200623
-0.208146
-0.215227
-0.221886
-0.228141
-0.234016
-0.239532
-0.244718
-0.249614
-0.254276
-0.258788
-0.263284
-0.267902
-0.272955
-0.27834
-0.285104
-0.290321
-0.301598
-0.19706
-0.205824
-0.214
-0.221611
-0.228678
-0.235227
-0.241283
-0.246869
-0.252008
-0.256721
-0.261033
-0.264975
-0.268595
-0.271973
-0.275232
-0.278583
-0.282263
-0.287016
-0.292369
-0.303577
-0.0900253
-0.093627
-0.0972523
-0.100864
-0.104425
-0.107903
-0.111255
-0.114439
-0.117396
-0.12007
-0.122383
-0.124268
-0.12563
-0.126394
-0.126449
-0.125724
-0.124096
-0.121508
-0.117832
-0.113049
-0.107045
-0.0998773
-0.0914598
-0.0819546
-0.0713108
-0.0598115
-0.0474143
-0.034498
-0.0209548
-0.00719053
-0.0909544
-0.0946109
-0.0982793
-0.101927
-0.10552
-0.10903
-0.112414
-0.115628
-0.118611
-0.121305
-0.123633
-0.125527
-0.126889
-0.127647
-0.127685
-0.126933
-0.125265
-0.122625
-0.118881
-0.114017
-0.107916
-0.100642
-0.0921047
-0.0824805
-0.0717139
-0.0601074
-0.0476085
-0.0346201
-0.0210105
-0.00721298
-0.0926705
-0.0964433
-0.100197
-0.103912
-0.107569
-0.111141
-0.114586
-0.117856
-0.120887
-0.123621
-0.125976
-0.127885
-0.12925
-0.129995
-0.130003
-0.129202
-0.12746
-0.124722
-0.12085
-0.115833
-0.10955
-0.102071
-0.0933108
-0.0834587
-0.072464
-0.0606511
-0.0479674
-0.0348376
-0.0211135
-0.0072479
-0.0951174
-0.0990524
-0.102926
-0.106736
-0.11048
-0.114139
-0.117668
-0.121017
-0.124115
-0.126902
-0.129296
-0.131226
-0.132594
-0.133321
-0.133287
-0.132415
-0.130568
-0.127689
-0.123637
-0.118399
-0.111855
-0.104084
-0.0950038
-0.0848243
-0.0735044
-0.0613969
-0.0484537
-0.0351255
-0.0212478
-0.00729012
-0.0982339
-0.102373
-0.106396
-0.110323
-0.114173
-0.117938
-0.121572
-0.125016
-0.128197
-0.131049
-0.133489
-0.135446
-0.136817
-0.137522
-0.137434
-0.136473
-0.134496
-0.131439
-0.127156
-0.121637
-0.114759
-0.106611
-0.0971181
-0.0865173
-0.0747812
-0.062299
-0.0490306
-0.0354576
-0.021397
-0.00733483
-0.101976
-0.106356
-0.110551
-0.114611
-0.118584
-0.122471
-0.126224
-0.129778
-0.133052
-0.135978
-0.13847
-0.140458
-0.141833
-0.142513
-0.142364
-0.141299
-0.139166
-0.135898
-0.13134
-0.125481
-0.118197
-0.10959
-0.099596
-0.0884831
-0.0762445
-0.0633133
-0.049662
-0.0358073
-0.0215452
-0.00737682
-0.106311
-0.110965
-0.115351
-0.119555
-0.123659
-0.127679
-0.131562
-0.135234
-0.138609
-0.141616
-0.144166
-0.146187
-0.147568
-0.148221
-0.148005
-0.146825
-0.144517
-0.141007
-0.136131
-0.129877
-0.122117
-0.112971
-0.102386
-0.0906719
-0.0778472
-0.0643978
-0.050313
-0.0361485
-0.0216763
-0.0074107
-0.111216
-0.11617
-0.120758
-0.125112
-0.129352
-0.13351
-0.137528
-0.141325
-0.144806
-0.147896
-0.150507
-0.152565
-0.153954
-0.154582
-0.154296
-0.152993
-0.150494
-0.146716
-0.141482
-0.134778
-0.126474
-0.116707
-0.105444
-0.0930381
-0.0795454
-0.0655123
-0.0509499
-0.0364561
-0.0217748
-0.00743111
-0.116671
-0.121948
-0.126744
-0.131245
-0.135619
-0.139915
-0.144071
-0.147993
-0.15158
-0.154756
-0.15743
-0.159529
-0.160932
-0.161538
-0.161184
-0.159753
-0.157053
-0.152984
-0.147356
-0.140149
-0.131232
-0.120761
-0.108727
-0.0955397
-0.081298
-0.0666191
-0.0515407
-0.0367057
-0.0218258
-0.00743288
-0.122663
-0.128279
-0.133281
-0.137919
-0.14242
-0.146848
-0.151137
-0.155182
-0.158874
-0.162135
-0.164875
-0.167019
-0.168442
-0.169034
-0.168619
-0.167063
-0.164154
-0.159777
-0.153721
-0.14596
-0.136359
-0.125098
-0.1122
-0.0981383
-0.0830666
-0.0676822
-0.0520553
-0.0368745
-0.0218154
-0.00741107
-0.129181
-0.135146
-0.140342
-0.145101
-0.149712
-0.154262
-0.158677
-0.162837
-0.166628
-0.169972
-0.17278
-0.174977
-0.176431
-0.177022
-0.176556
-0.174882
-0.171765
-0.167066
-0.160552
-0.152185
-0.14183
-0.129691
-0.115831
-0.100799
-0.0848156
-0.0686684
-0.0524658
-0.0369413
-0.0217308
-0.00736101
-0.136215
-0.142531
-0.147901
-0.152753
-0.157453
-0.162108
-0.166635
-0.1709
-0.174783
-0.178206
-0.181086
-0.183345
-0.184844
-0.185451
-0.184953
-0.183176
-0.179857
-0.174828
-0.167829
-0.158807
-0.147624
-0.134514
-0.11959
-0.103488
-0.0865122
-0.0695469
-0.0527466
-0.0368867
-0.0215602
-0.00727829
-0.143758
-0.150416
-0.155929
-0.160838
-0.165596
-0.170334
-0.174956
-0.179312
-0.183277
-0.186777
-0.189732
-0.192065
-0.193628
-0.194275
-0.19377
-0.191913
-0.188405
-0.183045
-0.175538
-0.16581
-0.153724
-0.139546
-0.123451
-0.106176
-0.0881265
-0.0702892
-0.0528751
-0.0366929
-0.0212937
-0.00715874
-0.151796
-0.15878
-0.164391
-0.169312
-0.174092
-0.178887
-0.183582
-0.188012
-0.192046
-0.195619
-0.198657
-0.201079
-0.202732
-0.203448
-0.20297
-0.201062
-0.197387
-0.1917
-0.183666
-0.173185
-0.160117
-0.144768
-0.127392
-0.108836
-0.0896313
-0.0708699
-0.0528314
-0.0363443
-0.0209227
-0.00699832
-0.160317
-0.167596
-0.17325
-0.178126
-0.182886
-0.187706
-0.192451
-0.196935
-0.201027
-0.204669
-0.207798
-0.210331
-0.212102
-0.212925
-0.212514
-0.210596
-0.206786
-0.200783
-0.192207
-0.180923
-0.166794
-0.150165
-0.131391
-0.111443
-0.0910023
-0.0712659
-0.052599
-0.0358273
-0.0204409
-0.00679308
-0.169302
-0.176832
-0.182459
-0.187226
-0.19192
-0.196733
-0.201502
-0.206018
-0.210153
-0.213864
-0.217096
-0.219764
-0.221689
-0.222662
-0.22237
-0.22049
-0.216583
-0.210284
-0.201156
-0.18902
-0.173746
-0.155722
-0.135429
-0.113972
-0.0922183
-0.071457
-0.0521648
-0.0351302
-0.0198436
-0.00653896
-0.178727
-0.18645
-0.191966
-0.196552
-0.20113
-0.205904
-0.210669
-0.215194
-0.219358
-0.223138
-0.226489
-0.229321
-0.231441
-0.232617
-0.232502
-0.230719
-0.226766
-0.220196
-0.210511
-0.197474
-0.180968
-0.161427
-0.139489
-0.116404
-0.0932609
-0.0714257
-0.0515194
-0.0342433
-0.0191286
-0.00623167
-0.188561
-0.196401
-0.201708
-0.206036
-0.210453
-0.215157
-0.21989
-0.224399
-0.228579
-0.23243
-0.235918
-0.238947
-0.241309
-0.242747
-0.242879
-0.241262
-0.237319
-0.230512
-0.22027
-0.206283
-0.188454
-0.167267
-0.143556
-0.118718
-0.0941147
-0.0711573
-0.0506569
-0.033159
-0.0182959
-0.00586661
-0.198766
-0.206626
-0.211612
-0.215607
-0.219824
-0.224429
-0.229099
-0.233565
-0.23775
-0.24168
-0.245325
-0.248585
-0.251239
-0.253005
-0.253464
-0.252089
-0.248224
-0.241223
-0.230427
-0.215443
-0.196198
-0.17323
-0.147613
-0.120896
-0.0947672
-0.0706399
-0.0495753
-0.0318719
-0.0173479
-0.00543883
-0.209294
-0.21705
-0.221593
-0.225188
-0.229178
-0.233659
-0.23823
-0.242626
-0.246806
-0.250822
-0.254647
-0.258173
-0.261168
-0.26333
-0.264204
-0.263159
-0.259449
-0.252305
-0.240966
-0.224938
-0.204185
-0.179297
-0.151643
-0.12292
-0.0952085
-0.0698646
-0.0482764
-0.0303789
-0.0162892
-0.00494317
-0.220081
-0.227567
-0.231545
-0.234702
-0.238454
-0.242779
-0.247209
-0.251508
-0.255676
-0.259784
-0.263804
-0.267631
-0.271017
-0.273645
-0.275016
-0.274395
-0.270927
-0.263703
-0.251841
-0.234733
-0.212381
-0.18544
-0.155625
-0.124772
-0.0954311
-0.0688261
-0.0467655
-0.02868
-0.0151266
-0.00437458
-0.231042
-0.23803
-0.241346
-0.244071
-0.24758
-0.251704
-0.255944
-0.260119
-0.264265
-0.268466
-0.272692
-0.276845
-0.28067
-0.283834
-0.28577
-0.285668
-0.282535
-0.275309
-0.262957
-0.244751
-0.220726
-0.191613
-0.159525
-0.126431
-0.0954299
-0.0675234
-0.0450521
-0.0267793
-0.0138689
-0.00372867
-0.242013
-0.248222
-0.250849
-0.253204
-0.256461
-0.260317
-0.264315
-0.268342
-0.27245
-0.276731
-0.281159
-0.285655
-0.289953
-0.293714
-0.29627
-0.296782
-0.29408
-0.286942
-0.274153
-0.25486
-0.229115
-0.197743
-0.163299
-0.127875
-0.0952016
-0.0659608
-0.0431497
-0.0246851
-0.0125271
-0.0030024
-0.252692
-0.257833
-0.259888
-0.261988
-0.264953
-0.268455
-0.272164
-0.276016
-0.28006
-0.284394
-0.289005
-0.293841
-0.298629
-0.303022
-0.306252
-0.307465
-0.305287
-0.298344
-0.285195
-0.264868
-0.237397
-0.20373
-0.166886
-0.129078
-0.0947448
-0.0641488
-0.0410761
-0.0224119
-0.0111136
-0.00219489
-0.262674
-0.266495
-0.268288
-0.270258
-0.272841
-0.275909
-0.279297
-0.282945
-0.286884
-0.291234
-0.295998
-0.301154
-0.306427
-0.311465
-0.315417
-0.317403
-0.315834
-0.309201
-0.295792
-0.274533
-0.24538
-0.209449
-0.17021
-0.130014
-0.0940605
-0.0621056
-0.0388535
-0.0199806
-0.00964212
-0.00130847
-0.271349
-0.273876
-0.275886
-0.277778
-0.279857
-0.282445
-0.2855
-0.288915
-0.292712
-0.297038
-0.301923
-0.30737
-0.313108
-0.318788
-0.32349
-0.326302
-0.325409
-0.319202
-0.305647
-0.283599
-0.252856
-0.214766
-0.173193
-0.130659
-0.093153
-0.0598574
-0.0365077
-0.0174189
-0.00812734
-0.00034925
-0.277877
-0.279771
-0.282527
-0.284251
-0.285735
-0.287863
-0.290595
-0.293757
-0.29739
-0.301673
-0.306653
-0.312363
-0.31854
-0.324845
-0.330304
-0.333961
-0.333789
-0.328105
-0.314515
-0.291843
-0.259637
-0.219554
-0.175758
-0.130997
-0.0920308
-0.0574379
-0.034068
-0.0147602
-0.0065845
0.000672739
-0.282114
-0.284262
-0.288023
-0.289401
-0.290324
-0.292075
-0.294506
-0.29742
-0.300898
-0.305137
-0.310201
-0.316152
-0.32274
-0.329642
-0.335844
-0.340333
-0.340902
-0.335809
-0.322276
-0.299135
-0.265604
-0.223732
-0.177856
-0.131027
-0.0907106
-0.0548896
-0.0315668
-0.0120433
-0.00502886
0.00174416
-0.284871
-0.287714
-0.292084
-0.293075
-0.293665
-0.29516
-0.297327
-0.300028
-0.303379
-0.307584
-0.312728
-0.318898
-0.325865
-0.333319
-0.340236
-0.345513
-0.346808
-0.342336
-0.328928
-0.305453
-0.270727
-0.227279
-0.179478
-0.130769
-0.0892191
-0.0522586
-0.0290364
-0.00930737
-0.00347522
0.00285027
-0.287563
-0.290877
-0.294701
-0.295466
-0.295994
-0.297346
-0.299321
-0.301878
-0.305156
-0.309357
-0.314584
-0.320946
-0.328227
-0.336128
-0.343632
-0.349582
-0.351461
-0.347517
-0.334215
-0.310499
-0.27473
-0.229961
-0.180459
-0.130117
-0.0875
-0.0495286
-0.026481
-0.00657453
-0.00194074
0.00397583
-0.301092
-0.296152
-0.296369
-0.2968
-0.29728
-0.298556
-0.300456
-0.302974
-0.306252
-0.310488
-0.315786
-0.322257
-0.329684
-0.337757
-0.345394
-0.351747
-0.353813
-0.350028
-0.33667
-0.31278
-0.276356
-0.230831
-0.180306
-0.128959
-0.0857367
-0.0470966
-0.0242986
-0.0042703
-0.000660386
0.00494441
-0.302284
-0.298269
-0.297505
-0.29799
-0.298548
-0.299835
-0.301744
-0.304298
-0.307654
-0.312005
-0.317459
-0.324115
-0.331749
-0.340035
-0.347931
-0.353989
-0.355973
-0.351941
-0.338061
-0.313516
-0.276163
-0.229877
-0.17857
-0.126735
-0.0833205
-0.0445438
-0.0221553
-0.00225381
0.000469288
0.0057575
-0.301982
-0.298808
-0.298091
-0.298774
-0.299498
-0.300866
-0.302846
-0.305493
-0.308971
-0.313472
-0.319102
-0.325942
-0.333753
-0.342166
-0.350039
-0.356136
-0.35793
-0.353468
-0.338905
-0.313534
-0.275122
-0.22804
-0.175971
-0.123835
-0.0803693
-0.0416938
-0.0198161
-0.000178554
0.00164206
0.006576
-0.302077
-0.29908
-0.298532
-0.299364
-0.300243
-0.301708
-0.303775
-0.306525
-0.31013
-0.314774
-0.320564
-0.327562
-0.335515
-0.344017
-0.351899
-0.357916
-0.35949
-0.354597
-0.339399
-0.313278
-0.273911
-0.226128
-0.173365
-0.120974
-0.0774614
-0.0388958
-0.0175084
0.00186703
0.00281075
0.00739286
-0.301938
-0.299159
-0.298916
-0.299872
-0.30089
-0.302457
-0.304619
-0.307478
-0.311208
-0.31599
-0.321926
-0.329059
-0.337123
-0.345675
-0.353534
-0.359403
-0.360687
-0.355347
-0.339527
-0.3127
-0.272462
-0.22408
-0.170715
-0.118135
-0.0746068
-0.036163
-0.0152504
0.0038718
0.00396651
0.00820457
-0.301674
-0.299139
-0.299254
-0.300309
-0.301457
-0.303131
-0.305393
-0.308365
-0.312219
-0.317131
-0.323196
-0.330438
-0.338578
-0.347137
-0.354924
-0.360634
-0.361539
-0.355714
-0.339265
-0.311749
-0.270705
-0.221808
-0.16793
-0.115247
-0.0717495
-0.0334692
-0.013029
0.00583269
0.00510722
0.00900651
-0.301383
-0.299116
-0.299564
-0.300688
-0.301954
-0.303734
-0.3061
-0.309184
-0.313157
-0.318186
-0.32436
-0.331683
-0.339861
-0.348383
-0.356046
-0.36148
-0.362038
-0.355694
-0.338615
-0.310435
-0.268653
-0.219326
-0.165022
-0.112319
-0.0688987
-0.0308268
-0.0108538
0.00773686
0.00622645
0.00979285
-0.301097
-0.299119
-0.299849
-0.301016
-0.302391
-0.304272
-0.306739
-0.309931
-0.314014
-0.319146
-0.325407
-0.332781
-0.340959
-0.3494
-0.356893
-0.362025
-0.362183
-0.355292
-0.337589
-0.308779
-0.266337
-0.216668
-0.162034
-0.109389
-0.066086
-0.0282622
-0.00874434
0.00956799
0.00731564
0.0105573
-0.300835
-0.299132
-0.300102
-0.301296
-0.302771
-0.304747
-0.30731
-0.310602
-0.314783
-0.319999
-0.326322
-0.333716
-0.341858
-0.350176
-0.357456
-0.362252
-0.361976
-0.354519
-0.336206
-0.306807
-0.26379
-0.213868
-0.159
-0.106488
-0.0633402
-0.0257993
-0.00671926
0.0113105
0.00836608
0.0112937
-0.300636
-0.299109
-0.300321
-0.301524
-0.303092
-0.305155
-0.307806
-0.311188
-0.315451
-0.320734
-0.327094
-0.334477
-0.342546
-0.350705
-0.357734
-0.362159
-0.361429
-0.353401
-0.334492
-0.304555
-0.261051
-0.210963
-0.155957
-0.103645
-0.0606877
-0.02346
-0.00479575
0.0129498
0.00936923
0.0119956
-0.3005
-0.299036
-0.300508
-0.3017
-0.303352
-0.305492
-0.308223
-0.311681
-0.316012
-0.32134
-0.327712
-0.335055
-0.34302
-0.350985
-0.357732
-0.361762
-0.360567
-0.351986
-0.332481
-0.302082
-0.258162
-0.207997
-0.152949
-0.100894
-0.0581559
-0.0212652
-0.00299038
0.0144724
0.0103166
0.0126568
-0.299975
-0.299171
-0.300544
-0.301824
-0.303547
-0.305755
-0.308555
-0.312077
-0.316459
-0.321813
-0.328174
-0.33545
-0.343283
-0.351028
-0.35747
-0.361087
-0.35943
-0.35026
-0.330283
-0.299488
-0.255162
-0.205021
-0.15002
-0.0982677
-0.0557725
-0.0192351
-0.00131899
0.0158661
0.0111997
0.0132712
-0.299504
-0.299228
-0.300546
-0.301893
-0.303679
-0.305945
-0.308802
-0.312375
-0.316792
-0.322153
-0.328483
-0.335672
-0.343352
-0.350859
-0.356982
-0.360183
-0.35811
-0.348351
-0.327911
-0.296644
-0.252305
-0.202102
-0.147219
-0.0958029
-0.0535652
-0.0173881
0.000203773
0.0171204
0.0120104
0.013833
-0.299115
-0.2992
-0.300508
-0.301911
-0.30375
-0.306066
-0.30897
-0.312581
-0.317018
-0.322372
-0.328655
-0.335742
-0.343255
-0.350516
-0.356317
-0.359108
-0.3563
-0.346326
-0.325473
-0.293844
-0.249454
-0.199324
-0.144595
-0.0935346
-0.0515606
-0.0157404
0.00156477
0.018227
0.0127409
0.0143369
-0.29876
-0.29912
-0.300431
-0.301886
-0.30377
-0.306126
-0.309067
-0.312705
-0.317151
-0.322486
-0.32871
-0.335687
-0.343031
-0.350048
-0.355538
-0.35795
-0.35482
-0.344293
-0.323076
-0.291162
-0.246753
-0.196703
-0.142232
-0.0914988
-0.0497843
-0.014306
0.00275253
0.0191798
0.0133837
0.014778
-0.298431
-0.299009
-0.300329
-0.30183
-0.303752
-0.306141
-0.309109
-0.312764
-0.31721
-0.322518
-0.328681
-0.335548
-0.342728
-0.349516
-0.354719
-0.356787
-0.353318
-0.342355
-0.320831
-0.28869
-0.244306
-0.194367
-0.140135
-0.0897383
-0.0482601
-0.0130958
0.0037573
0.0199748
0.0139318
0.0151523
-0.298139
-0.298886
-0.30022
-0.301759
-0.30371
-0.306124
-0.309112
-0.312776
-0.317217
-0.322497
-0.328599
-0.335365
-0.342398
-0.348985
-0.353938
-0.35571
-0.351936
-0.340624
-0.318853
-0.286538
-0.242205
-0.192385
-0.138374
-0.088281
-0.0470104
-0.0121186
0.00457096
0.0206102
0.0143789
0.0154561
-0.297899
-0.298772
-0.300119
-0.301688
-0.30366
-0.306093
-0.309094
-0.312763
-0.317196
-0.322449
-0.3285
-0.335182
-0.342094
-0.348518
-0.353271
-0.354808
-0.350795
-0.33921
-0.317252
-0.284812
-0.240535
-0.190823
-0.137005
-0.0871553
-0.0460543
-0.0113807
0.00518699
0.0210858
0.0147196
0.0156864
-0.297728
-0.298685
-0.300041
-0.301631
-0.303618
-0.306062
-0.309071
-0.312743
-0.317168
-0.322401
-0.328414
-0.335036
-0.341863
-0.348172
-0.352785
-0.354159
-0.349979
-0.338208
-0.316125
-0.283605
-0.239375
-0.189743
-0.136069
-0.0863897
-0.0454066
-0.0108864
0.00560046
0.0214021
0.0149493
0.0158412
-0.297639
-0.298638
-0.3
-0.301599
-0.303594
-0.306044
-0.309056
-0.312728
-0.31715
-0.322372
-0.328365
-0.334956
-0.341738
-0.347988
-0.352529
-0.353819
-0.349554
-0.337688
-0.315543
-0.282984
-0.23878
-0.18919
-0.135593
-0.0860016
-0.0450801
-0.0106385
0.00580806
0.02156
0.015065
0.015919
)
;

boundaryField
{
    inlet
    {
        type            zeroGradient;
    }
    outlet
    {
        type            fixedValue;
        value           uniform 0;
    }
    cylinder
    {
        type            zeroGradient;
    }
    top
    {
        type            symmetryPlane;
    }
    bottom
    {
        type            symmetryPlane;
    }
    defaultFaces
    {
        type            empty;
    }
}


// ************************************************************************* //
