/*--------------------------------*- C++ -*----------------------------------*\
  =========                 |
  \\      /  F ield         | OpenFOAM: The Open Source CFD Toolbox
   \\    /   O peration     | Website:  https://openfoam.org
    \\  /    A nd           | Version:  7
     \\/     M anipulation  |
\*---------------------------------------------------------------------------*/
FoamFile
{
    version     2.0;
    format      ascii;
    class       volScalarField;
    location    "20";
    object      p;
}
// * * * * * * * * * * * * * * * * * * * * * * * * * * * * * * * * * * * * * //

dimensions      [0 2 -2 0 0 0 0];

internalField   nonuniform List<scalar> 
8500
(
-0.258917
-0.260945
-0.261889
-0.26265
-0.263302
-0.26387
-0.264375
-0.26482
-0.265199
-0.265536
-0.259124
-0.261128
-0.262058
-0.262806
-0.263445
-0.263999
-0.264489
-0.264918
-0.265276
-0.265579
-0.259535
-0.26149
-0.262394
-0.263115
-0.263727
-0.264254
-0.264713
-0.265109
-0.265426
-0.265658
-0.260143
-0.262027
-0.26289
-0.263572
-0.264143
-0.264627
-0.265039
-0.265384
-0.26564
-0.265756
-0.260938
-0.262731
-0.26354
-0.264168
-0.264683
-0.26511
-0.265457
-0.26573
-0.265905
-0.265849
-0.261907
-0.263591
-0.264333
-0.264893
-0.265338
-0.26569
-0.265953
-0.266133
-0.266209
-0.265902
-0.263039
-0.264597
-0.26526
-0.265736
-0.266094
-0.266355
-0.266513
-0.266573
-0.26654
-0.265872
-0.264318
-0.265738
-0.266308
-0.266686
-0.26694
-0.267091
-0.267123
-0.267033
-0.266894
-0.265696
-0.265732
-0.267003
-0.267467
-0.267731
-0.267863
-0.267886
-0.26777
-0.267495
-0.267271
-0.265261
-0.26727
-0.268382
-0.268727
-0.26886
-0.268852
-0.26873
-0.268446
-0.267944
-0.267686
-0.264473
-0.268922
-0.269868
-0.27008
-0.270064
-0.269897
-0.269612
-0.269143
-0.268368
-0.268102
-0.263799
-0.270683
-0.271457
-0.27152
-0.271335
-0.27099
-0.270523
-0.26986
-0.268792
-0.268325
-0.26297
-0.272553
-0.273147
-0.273044
-0.27267
-0.272125
-0.271459
-0.270586
-0.269276
-0.268532
-0.261809
-0.274536
-0.274942
-0.274653
-0.274065
-0.273297
-0.272415
-0.271317
-0.269763
-0.268798
-0.260377
-0.276643
-0.27685
-0.276353
-0.275522
-0.274506
-0.273388
-0.272053
-0.270261
-0.269084
-0.258804
-0.278891
-0.278884
-0.278152
-0.277047
-0.275754
-0.274375
-0.272786
-0.270794
-0.269308
-0.257291
-0.281306
-0.281065
-0.280062
-0.278655
-0.277048
-0.275379
-0.273507
-0.271384
-0.269316
-0.256028
-0.28392
-0.283412
-0.282115
-0.280363
-0.278407
-0.276415
-0.274219
-0.272065
-0.268889
-0.255065
-0.286777
-0.285963
-0.284335
-0.282198
-0.279856
-0.277508
-0.274943
-0.27287
-0.267949
-0.254998
-0.28993
-0.288751
-0.286756
-0.284197
-0.281433
-0.278696
-0.275726
-0.273745
-0.266927
-0.259073
-0.293418
-0.291832
-0.28942
-0.286402
-0.283183
-0.280024
-0.276619
-0.274478
-0.266446
-0.270388
-0.297307
-0.295244
-0.292375
-0.288864
-0.285159
-0.281543
-0.277675
-0.274983
-0.266695
-0.269461
-0.301657
-0.299038
-0.295668
-0.291634
-0.287417
-0.2833
-0.278926
-0.275376
-0.267044
-0.266709
-0.306526
-0.303264
-0.29935
-0.294765
-0.29001
-0.285337
-0.280371
-0.275801
-0.267205
-0.263978
-0.311967
-0.307968
-0.303472
-0.298309
-0.292982
-0.287683
-0.282001
-0.276278
-0.26711
-0.261161
-0.318027
-0.313197
-0.308081
-0.302311
-0.296364
-0.290346
-0.283794
-0.276774
-0.26669
-0.258367
-0.324746
-0.318988
-0.313219
-0.306809
-0.300176
-0.293318
-0.285713
-0.277221
-0.265924
-0.255521
-0.33215
-0.325375
-0.318923
-0.31183
-0.304417
-0.296568
-0.287691
-0.277534
-0.264799
-0.252556
-0.340251
-0.332378
-0.325217
-0.317384
-0.309068
-0.300038
-0.289632
-0.277621
-0.263302
-0.249395
-0.349046
-0.340008
-0.332111
-0.32346
-0.314085
-0.303634
-0.291424
-0.277395
-0.261414
-0.245977
-0.358508
-0.348254
-0.339592
-0.330019
-0.319392
-0.307232
-0.292945
-0.276778
-0.259115
-0.242245
-0.368586
-0.357085
-0.347619
-0.336992
-0.32487
-0.310679
-0.294075
-0.2757
-0.256374
-0.238148
-0.379199
-0.36644
-0.356117
-0.344272
-0.33036
-0.313807
-0.294697
-0.274094
-0.253154
-0.233636
-0.390234
-0.376225
-0.364975
-0.35171
-0.335667
-0.316446
-0.294704
-0.271897
-0.249414
-0.228663
-0.401541
-0.386308
-0.374041
-0.35911
-0.340572
-0.318429
-0.293992
-0.269046
-0.245103
-0.223179
-0.412933
-0.396519
-0.383121
-0.366237
-0.344846
-0.319593
-0.292464
-0.265477
-0.24017
-0.217137
-0.424184
-0.406646
-0.39198
-0.372819
-0.348257
-0.319788
-0.290027
-0.261123
-0.234558
-0.21049
-0.435034
-0.416441
-0.400345
-0.378569
-0.350582
-0.318872
-0.28659
-0.25592
-0.228211
-0.203193
-0.445193
-0.425622
-0.407908
-0.38319
-0.351611
-0.316713
-0.282068
-0.249799
-0.221071
-0.195206
-0.454342
-0.433881
-0.414342
-0.386396
-0.35115
-0.313192
-0.276379
-0.242695
-0.213083
-0.186493
-0.462149
-0.440888
-0.419309
-0.387913
-0.349024
-0.3082
-0.269446
-0.234549
-0.2042
-0.177023
-0.46827
-0.446303
-0.422476
-0.387492
-0.345078
-0.301639
-0.261198
-0.225302
-0.194378
-0.166771
-0.472367
-0.449786
-0.423528
-0.384914
-0.339181
-0.293424
-0.251572
-0.214902
-0.183583
-0.155727
-0.47411
-0.451006
-0.422179
-0.379991
-0.331225
-0.283486
-0.240513
-0.2033
-0.171775
-0.143874
-0.473193
-0.449654
-0.41818
-0.372573
-0.321124
-0.271771
-0.227979
-0.190458
-0.15891
-0.13113
-0.469339
-0.445451
-0.411326
-0.362546
-0.308821
-0.258243
-0.213948
-0.17636
-0.144948
-0.117315
-0.462311
-0.438159
-0.401461
-0.349834
-0.294283
-0.242885
-0.198407
-0.161006
-0.129911
-0.10228
-0.451914
-0.427593
-0.388475
-0.334399
-0.277501
-0.225693
-0.181342
-0.144387
-0.113881
-0.0862589
-0.438007
-0.413621
-0.372304
-0.316239
-0.25849
-0.206673
-0.162757
-0.126514
-0.0968061
-0.0697832
-0.420501
-0.396166
-0.352932
-0.295385
-0.23729
-0.185858
-0.142724
-0.107604
-0.0785831
-0.0527186
-0.39936
-0.375208
-0.330393
-0.271911
-0.213963
-0.163324
-0.121407
-0.0874855
-0.059421
-0.0349609
-0.374605
-0.35078
-0.30477
-0.245922
-0.188598
-0.139213
-0.0987385
-0.0662593
-0.039407
-0.0165212
-0.346311
-0.322984
-0.276226
-0.217513
-0.161311
-0.113549
-0.0748212
-0.0440134
-0.0186074
0.00252806
-0.314605
-0.291993
-0.244983
-0.186693
-0.132224
-0.0864562
-0.0497582
-0.0208431
0.00290698
0.0220949
-0.279672
-0.258036
-0.211123
-0.153682
-0.101466
-0.0580679
-0.0236695
0.00315436
0.0250629
0.042103
-0.241733
-0.221336
-0.174298
-0.119116
-0.0692775
-0.0285361
0.003317
0.0278818
0.0477925
0.0624726
-0.200998
-0.181986
-0.135411
-0.0828856
-0.0358517
0.00197155
0.031071
0.0532497
0.0709926
0.082951
-0.157736
-0.140113
-0.0950474
-0.0452406
-0.00137624
0.0332823
0.0594691
0.0791697
0.0944344
0.102951
-0.11238
-0.0962518
-0.0532677
-0.00646099
0.0339397
0.0652221
0.088388
0.105513
0.117776
0.121972
-0.065296
-0.0507647
-0.010286
0.0331784
0.0698689
0.0976086
0.117666
0.132025
0.140756
0.140934
-0.0168105
-0.00407067
0.0335929
0.0734018
0.106178
0.130246
0.147077
0.158329
0.163143
0.163695
0.0326718
0.0434384
0.0780303
0.113926
0.142629
0.162925
0.176383
0.184329
0.186034
0.186614
0.0827308
0.0913743
0.122677
0.154464
0.17898
0.195431
0.205421
0.210078
0.209113
0.20852
0.132943
0.139345
0.167182
0.194722
0.214984
0.227549
0.23403
0.235478
0.232023
0.229656
0.182883
0.186957
0.211199
0.23441
0.250394
0.25907
0.262051
0.260368
0.25445
0.24998
0.232128
0.233819
0.254383
0.273238
0.284966
0.289789
0.289316
0.284581
0.276217
0.269487
0.280261
0.279545
0.296401
0.310926
0.318461
0.319503
0.315655
0.307955
0.297173
0.288117
0.326877
0.323761
0.336928
0.347198
0.350649
0.348018
0.340898
0.330336
0.317193
0.3058
0.371581
0.366104
0.375651
0.381791
0.381305
0.375142
0.364884
0.351584
0.336159
0.32246
0.413999
0.406231
0.412274
0.414455
0.410216
0.400696
0.387459
0.371563
0.35396
0.338023
0.453775
0.443816
0.446517
0.444953
0.437183
0.424509
0.408476
0.390149
0.370495
0.352415
0.490577
0.478556
0.478118
0.473064
0.462017
0.44642
0.427799
0.407227
0.385666
0.365568
0.524099
0.51017
0.506839
0.498585
0.484546
0.466283
0.445304
0.422689
0.399384
0.377419
0.554062
0.538406
0.532461
0.521332
0.504614
0.483965
0.460878
0.436438
0.41157
0.387913
0.580218
0.563038
0.554792
0.541142
0.52208
0.499348
0.474419
0.448388
0.422151
0.396999
0.602352
0.58387
0.573663
0.557873
0.536825
0.512328
0.485841
0.458463
0.431065
0.404636
0.620281
0.600736
0.588932
0.571403
0.548745
0.522817
0.495068
0.466601
0.438261
0.410788
0.633859
0.613504
0.600485
0.581636
0.557758
0.530747
0.502041
0.47275
0.443694
0.415426
0.642972
0.622073
0.608235
0.5885
0.563802
0.536063
0.506715
0.476871
0.447334
0.41853
0.647548
0.626374
0.612125
0.591943
0.566834
0.538729
0.50906
0.478938
0.44916
0.420086
0.647548
0.626374
0.612125
0.591943
0.566834
0.538729
0.50906
0.478938
0.44916
0.420086
0.642972
0.622073
0.608235
0.5885
0.563802
0.536063
0.506715
0.476871
0.447334
0.41853
0.633859
0.613505
0.600485
0.581636
0.557758
0.530747
0.502041
0.47275
0.443694
0.415426
0.620281
0.600736
0.588932
0.571403
0.548745
0.522817
0.495068
0.466601
0.438261
0.410788
0.602352
0.58387
0.573663
0.557873
0.536825
0.512328
0.485841
0.458463
0.431066
0.404636
0.580218
0.563038
0.554792
0.541142
0.52208
0.499348
0.474419
0.448388
0.422151
0.397
0.554062
0.538406
0.532461
0.521332
0.504614
0.483966
0.460878
0.436438
0.41157
0.387913
0.524099
0.51017
0.506839
0.498585
0.484546
0.466283
0.445304
0.422689
0.399385
0.377419
0.490577
0.478556
0.478119
0.473064
0.462017
0.44642
0.427799
0.407227
0.385666
0.365568
0.453775
0.443817
0.446517
0.444953
0.437183
0.424509
0.408476
0.39015
0.370495
0.352415
0.413999
0.406232
0.412274
0.414455
0.410216
0.400696
0.387459
0.371563
0.35396
0.338023
0.371581
0.366105
0.375651
0.381791
0.381305
0.375142
0.364885
0.351584
0.336159
0.322461
0.326877
0.323761
0.336928
0.347198
0.350649
0.348018
0.340898
0.330337
0.317193
0.3058
0.280262
0.279545
0.296402
0.310926
0.318462
0.319503
0.315655
0.307955
0.297174
0.288117
0.232128
0.233819
0.254384
0.273239
0.284966
0.289789
0.289317
0.284581
0.276217
0.269488
0.182883
0.186957
0.211199
0.23441
0.250394
0.25907
0.262052
0.260368
0.25445
0.249981
0.132943
0.139345
0.167183
0.194722
0.214984
0.227549
0.23403
0.235478
0.232023
0.229656
0.0827312
0.0913746
0.122677
0.154464
0.17898
0.195431
0.205421
0.210079
0.209113
0.20852
0.0326722
0.0434387
0.0780306
0.113927
0.14263
0.162925
0.176383
0.184329
0.186034
0.186615
-0.0168101
-0.0040703
0.0335933
0.0734021
0.106178
0.130246
0.147077
0.158329
0.163143
0.163695
-0.0652956
-0.0507643
-0.0102857
0.0331787
0.0698692
0.0976088
0.117666
0.132026
0.140756
0.140934
-0.112379
-0.0962514
-0.0532673
-0.00646065
0.03394
0.0652224
0.0883883
0.105514
0.117776
0.121972
-0.157735
-0.140112
-0.095047
-0.0452403
-0.00137592
0.0332826
0.0594694
0.0791699
0.0944346
0.102951
-0.200998
-0.181986
-0.13541
-0.0828853
-0.0358514
0.00197187
0.0310713
0.05325
0.0709929
0.0829513
-0.241732
-0.221336
-0.174298
-0.119116
-0.0692772
-0.0285357
0.0033173
0.0278821
0.0477928
0.0624729
-0.279671
-0.258035
-0.211123
-0.153681
-0.101465
-0.0580676
-0.0236692
0.00315465
0.0250632
0.0421033
-0.314604
-0.291993
-0.244983
-0.186692
-0.132224
-0.0864558
-0.0497579
-0.0208428
0.00290726
0.0220951
-0.34631
-0.322984
-0.276225
-0.217513
-0.161311
-0.113549
-0.0748208
-0.0440131
-0.0186071
0.00252834
-0.374605
-0.35078
-0.30477
-0.245922
-0.188598
-0.139213
-0.0987381
-0.066259
-0.0394066
-0.0165209
-0.399359
-0.375207
-0.330392
-0.271911
-0.213963
-0.163324
-0.121406
-0.0874852
-0.0594207
-0.0349606
-0.4205
-0.396166
-0.352932
-0.295385
-0.23729
-0.185857
-0.142724
-0.107604
-0.0785827
-0.0527183
-0.438007
-0.41362
-0.372303
-0.316238
-0.25849
-0.206673
-0.162756
-0.126514
-0.0968057
-0.0697828
-0.451914
-0.427592
-0.388475
-0.334399
-0.2775
-0.225692
-0.181341
-0.144386
-0.113881
-0.0862585
-0.46231
-0.438159
-0.401461
-0.349833
-0.294282
-0.242885
-0.198406
-0.161006
-0.12991
-0.10228
-0.469339
-0.44545
-0.411325
-0.362545
-0.308821
-0.258243
-0.213948
-0.176359
-0.144948
-0.117315
-0.473193
-0.449654
-0.418179
-0.372572
-0.321124
-0.27177
-0.227978
-0.190457
-0.15891
-0.13113
-0.47411
-0.451006
-0.422178
-0.379991
-0.331224
-0.283485
-0.240512
-0.2033
-0.171775
-0.143874
-0.472366
-0.449786
-0.423528
-0.384913
-0.339181
-0.293424
-0.251572
-0.214902
-0.183582
-0.155727
-0.46827
-0.446302
-0.422476
-0.387491
-0.345078
-0.301638
-0.261198
-0.225302
-0.194378
-0.16677
-0.462148
-0.440887
-0.419309
-0.387912
-0.349023
-0.3082
-0.269445
-0.234549
-0.2042
-0.177022
-0.454341
-0.43388
-0.414342
-0.386395
-0.35115
-0.313192
-0.276379
-0.242695
-0.213083
-0.186493
-0.445192
-0.425621
-0.407908
-0.38319
-0.351611
-0.316713
-0.282068
-0.249798
-0.22107
-0.195206
-0.435034
-0.41644
-0.400344
-0.378568
-0.350582
-0.318871
-0.28659
-0.255919
-0.22821
-0.203192
-0.424183
-0.406645
-0.39198
-0.372819
-0.348256
-0.319787
-0.290027
-0.261123
-0.234558
-0.210489
-0.412932
-0.396518
-0.383121
-0.366236
-0.344845
-0.319592
-0.292464
-0.265476
-0.24017
-0.217137
-0.401541
-0.386308
-0.37404
-0.35911
-0.340572
-0.318428
-0.293992
-0.269046
-0.245103
-0.223179
-0.390234
-0.376225
-0.364975
-0.35171
-0.335666
-0.316446
-0.294703
-0.271896
-0.249413
-0.228662
-0.379199
-0.36644
-0.356117
-0.344272
-0.330359
-0.313807
-0.294697
-0.274093
-0.253154
-0.233636
-0.368585
-0.357085
-0.347619
-0.336992
-0.324869
-0.310678
-0.294074
-0.275699
-0.256373
-0.238147
-0.358508
-0.348254
-0.339592
-0.330019
-0.319391
-0.307232
-0.292945
-0.276778
-0.259115
-0.242245
-0.349045
-0.340008
-0.332111
-0.32346
-0.314085
-0.303634
-0.291424
-0.277394
-0.261414
-0.245977
-0.340251
-0.332378
-0.325217
-0.317384
-0.309068
-0.300037
-0.289632
-0.27762
-0.263301
-0.249395
-0.332149
-0.325374
-0.318923
-0.31183
-0.304416
-0.296568
-0.28769
-0.277534
-0.264799
-0.252555
-0.324746
-0.318988
-0.313219
-0.306808
-0.300175
-0.293318
-0.285713
-0.277221
-0.265924
-0.255521
-0.318027
-0.313196
-0.308081
-0.30231
-0.296364
-0.290346
-0.283794
-0.276774
-0.266689
-0.258367
-0.311966
-0.307968
-0.303472
-0.298309
-0.292981
-0.287682
-0.282
-0.276278
-0.267109
-0.26116
-0.306525
-0.303263
-0.29935
-0.294765
-0.29001
-0.285337
-0.280371
-0.2758
-0.267205
-0.263978
-0.301657
-0.299038
-0.295667
-0.291634
-0.287417
-0.2833
-0.278926
-0.275375
-0.267044
-0.266708
-0.297306
-0.295244
-0.292374
-0.288864
-0.285159
-0.281542
-0.277675
-0.274983
-0.266695
-0.269461
-0.293417
-0.291831
-0.28942
-0.286402
-0.283183
-0.280024
-0.276619
-0.274477
-0.266445
-0.270388
-0.28993
-0.288751
-0.286756
-0.284197
-0.281433
-0.278695
-0.275726
-0.273745
-0.266927
-0.259073
-0.286777
-0.285962
-0.284335
-0.282198
-0.279856
-0.277508
-0.274943
-0.27287
-0.267949
-0.254998
-0.28392
-0.283412
-0.282115
-0.280363
-0.278407
-0.276415
-0.274218
-0.272065
-0.268888
-0.255065
-0.281305
-0.281064
-0.280062
-0.278655
-0.277048
-0.275379
-0.273507
-0.271384
-0.269315
-0.256027
-0.27889
-0.278884
-0.278151
-0.277046
-0.275753
-0.274374
-0.272785
-0.270793
-0.269307
-0.25729
-0.276642
-0.276849
-0.276352
-0.275522
-0.274506
-0.273387
-0.272052
-0.270261
-0.269084
-0.258803
-0.274536
-0.274942
-0.274653
-0.274065
-0.273297
-0.272415
-0.271317
-0.269763
-0.268797
-0.260376
-0.272553
-0.273147
-0.273044
-0.272669
-0.272125
-0.271459
-0.270586
-0.269275
-0.268531
-0.261809
-0.270683
-0.271457
-0.27152
-0.271335
-0.27099
-0.270523
-0.269859
-0.268791
-0.268325
-0.26297
-0.268922
-0.269868
-0.27008
-0.270063
-0.269897
-0.269611
-0.269143
-0.268368
-0.268102
-0.263799
-0.26727
-0.268381
-0.268727
-0.268859
-0.268852
-0.26873
-0.268445
-0.267944
-0.267685
-0.264472
-0.265732
-0.267002
-0.267467
-0.26773
-0.267863
-0.267886
-0.26777
-0.267495
-0.26727
-0.265261
-0.264318
-0.265738
-0.266308
-0.266686
-0.26694
-0.267091
-0.267122
-0.267032
-0.266893
-0.265696
-0.263039
-0.264597
-0.265259
-0.265736
-0.266094
-0.266354
-0.266513
-0.266572
-0.26654
-0.265872
-0.261907
-0.263591
-0.264333
-0.264893
-0.265338
-0.26569
-0.265953
-0.266132
-0.266209
-0.265902
-0.260937
-0.262731
-0.26354
-0.264167
-0.264683
-0.26511
-0.265457
-0.26573
-0.265905
-0.265849
-0.260143
-0.262027
-0.26289
-0.263571
-0.264143
-0.264627
-0.265039
-0.265384
-0.26564
-0.265756
-0.259535
-0.26149
-0.262394
-0.263115
-0.263727
-0.264253
-0.264713
-0.265109
-0.265426
-0.265658
-0.259124
-0.261127
-0.262058
-0.262806
-0.263444
-0.263999
-0.264489
-0.264918
-0.265276
-0.265579
-0.258917
-0.260945
-0.261889
-0.26265
-0.263302
-0.26387
-0.264375
-0.26482
-0.265199
-0.265536
-0.266066
-0.266342
-0.266738
-0.267075
-0.267429
-0.26777
-0.268102
-0.26842
-0.268724
-0.269023
-0.269329
-0.269664
-0.270038
-0.270465
-0.270867
-0.271185
-0.270988
-0.270079
-0.26706
-0.261876
-0.25111
-0.236863
-0.212296
-0.185308
-0.148314
-0.109462
-0.0771981
-0.0333239
-0.0242423
0.0122498
-0.266162
-0.266402
-0.266796
-0.267127
-0.267477
-0.267815
-0.268145
-0.26846
-0.268762
-0.269057
-0.26936
-0.269692
-0.270065
-0.270495
-0.270904
-0.271236
-0.271057
-0.270181
-0.267193
-0.262058
-0.251328
-0.237132
-0.21257
-0.185609
-0.148586
-0.109715
-0.0774572
-0.0334832
-0.024394
0.0121065
-0.266349
-0.266515
-0.266908
-0.267227
-0.267571
-0.267903
-0.268228
-0.268537
-0.268832
-0.269121
-0.269418
-0.269745
-0.270117
-0.270551
-0.270972
-0.271331
-0.271188
-0.270376
-0.267448
-0.262392
-0.251751
-0.237654
-0.213104
-0.186195
-0.14912
-0.110209
-0.0779567
-0.0338029
-0.0246899
0.0118246
-0.266618
-0.266673
-0.267067
-0.267368
-0.267703
-0.268028
-0.268345
-0.268646
-0.268932
-0.269211
-0.269497
-0.269818
-0.270186
-0.270627
-0.271063
-0.271461
-0.271369
-0.270647
-0.267806
-0.262944
-0.252353
-0.238398
-0.213871
-0.187035
-0.149896
-0.110916
-0.0786661
-0.0342981
-0.0251185
0.0114126
-0.266961
-0.266862
-0.26726
-0.26754
-0.267864
-0.268179
-0.268487
-0.268777
-0.269051
-0.269318
-0.269592
-0.269903
-0.270265
-0.270713
-0.271167
-0.271612
-0.271582
-0.270973
-0.268241
-0.263554
-0.253095
-0.239323
-0.214832
-0.188087
-0.150885
-0.111805
-0.0795725
-0.0349538
-0.0256632
0.0108821
-0.267366
-0.267063
-0.267476
-0.267733
-0.268044
-0.268348
-0.268644
-0.268922
-0.269182
-0.269433
-0.269691
-0.26999
-0.270343
-0.270797
-0.271269
-0.271767
-0.271805
-0.271326
-0.268721
-0.264247
-0.253933
-0.240379
-0.215943
-0.189304
-0.152056
-0.112868
-0.0806172
-0.0357649
-0.0263034
0.0102461
-0.267826
-0.26726
-0.267701
-0.267933
-0.268229
-0.268523
-0.268806
-0.26907
-0.269314
-0.269548
-0.269787
-0.27007
-0.270412
-0.27087
-0.271358
-0.271909
-0.272019
-0.27168
-0.269212
-0.264971
-0.254822
-0.241512
-0.217156
-0.190635
-0.153364
-0.114053
-0.0817909
-0.0367187
-0.0270171
0.00951852
-0.268345
-0.26743
-0.267919
-0.268128
-0.268409
-0.268692
-0.268962
-0.269211
-0.269437
-0.269651
-0.26987
-0.270135
-0.270462
-0.27092
-0.27142
-0.272024
-0.272204
-0.272008
-0.269684
-0.265685
-0.255718
-0.242677
-0.218417
-0.192027
-0.15477
-0.115331
-0.0830664
-0.0377991
-0.0277825
0.00871325
-0.268999
-0.267537
-0.268118
-0.268307
-0.268571
-0.268842
-0.269099
-0.269333
-0.269541
-0.269736
-0.269932
-0.270177
-0.270485
-0.270939
-0.271445
-0.272097
-0.272341
-0.272286
-0.270099
-0.266355
-0.256574
-0.243833
-0.219675
-0.193414
-0.156258
-0.116667
-0.0844122
-0.0389894
-0.0285794
0.00784353
-0.269841
-0.26757
-0.268287
-0.268459
-0.268704
-0.268964
-0.269208
-0.269427
-0.269618
-0.269792
-0.269966
-0.270189
-0.270475
-0.270921
-0.271426
-0.272118
-0.272418
-0.272496
-0.270427
-0.266954
-0.257356
-0.244884
-0.220936
-0.194769
-0.157775
-0.118033
-0.0858005
-0.0402723
-0.0293899
0.00692179
-0.270069
-0.267832
-0.268376
-0.268577
-0.268798
-0.269046
-0.269278
-0.269483
-0.269657
-0.269813
-0.269963
-0.270164
-0.270425
-0.270859
-0.271357
-0.27208
-0.272423
-0.272621
-0.270739
-0.267428
-0.25805
-0.24584
-0.222121
-0.196055
-0.159287
-0.119404
-0.087206
-0.0416304
-0.0301986
0.00595948
-0.27041
-0.268064
-0.268408
-0.268649
-0.268843
-0.269078
-0.269299
-0.269492
-0.269651
-0.269791
-0.26992
-0.270098
-0.270333
-0.270751
-0.271233
-0.271976
-0.272351
-0.272647
-0.270867
-0.267784
-0.258612
-0.246666
-0.223205
-0.197237
-0.160765
-0.120758
-0.0886054
-0.0430461
-0.0309924
0.00496702
-0.270822
-0.26825
-0.268392
-0.268667
-0.26883
-0.269048
-0.26926
-0.269443
-0.269591
-0.269717
-0.269827
-0.269986
-0.270193
-0.270592
-0.271051
-0.271804
-0.272195
-0.272569
-0.270886
-0.268005
-0.259027
-0.247333
-0.224168
-0.198291
-0.162181
-0.122075
-0.0899782
-0.0445027
-0.0317609
0.00395383
-0.271235
-0.268428
-0.268329
-0.268621
-0.268746
-0.268946
-0.26915
-0.269325
-0.269466
-0.269585
-0.26968
-0.269821
-0.270001
-0.270378
-0.270809
-0.271561
-0.271954
-0.272413
-0.270784
-0.268074
-0.259283
-0.247822
-0.22499
-0.199197
-0.163511
-0.123338
-0.0913061
-0.0459838
-0.0324956
0.00292836
-0.271627
-0.26861
-0.268216
-0.268501
-0.268577
-0.268756
-0.268954
-0.269128
-0.269267
-0.269382
-0.269468
-0.269596
-0.269751
-0.270106
-0.270503
-0.271244
-0.271623
-0.272121
-0.270551
-0.267986
-0.259374
-0.248121
-0.225655
-0.199941
-0.164735
-0.124532
-0.0925722
-0.0474732
-0.0331893
0.00189833
-0.271967
-0.268765
-0.268046
-0.26829
-0.268304
-0.26846
-0.268658
-0.268836
-0.268979
-0.2691
-0.269182
-0.269303
-0.269436
-0.269769
-0.270128
-0.270848
-0.271199
-0.271717
-0.270184
-0.267734
-0.259291
-0.248219
-0.22615
-0.200512
-0.165832
-0.125642
-0.0937606
-0.0489545
-0.0338365
0.000870894
-0.27216
-0.268795
-0.267799
-0.267969
-0.267908
-0.268046
-0.268249
-0.268439
-0.268595
-0.268727
-0.268813
-0.268933
-0.269048
-0.26936
-0.26968
-0.270371
-0.270681
-0.271201
-0.269682
-0.267316
-0.259034
-0.248112
-0.226467
-0.200905
-0.166793
-0.126665
-0.0948696
-0.0504183
-0.0344383
-0.000148519
-0.272101
-0.268603
-0.267469
-0.267529
-0.267376
-0.267496
-0.267711
-0.26792
-0.268094
-0.268246
-0.268342
-0.268467
-0.268569
-0.268862
-0.269139
-0.269798
-0.270052
-0.270556
-0.269034
-0.266728
-0.258604
-0.247815
-0.226629
-0.201154
-0.167656
-0.12763
-0.0959288
-0.0518721
-0.0350067
-0.00115852
-0.272426
-0.268135
-0.266976
-0.266878
-0.266614
-0.266719
-0.26696
-0.267203
-0.267411
-0.267599
-0.267719
-0.267863
-0.26796
-0.268239
-0.268479
-0.269099
-0.269292
-0.269765
-0.268229
-0.265964
-0.258006
-0.247339
-0.226652
-0.201278
-0.168427
-0.128542
-0.0969274
-0.053309
-0.0355322
-0.0021576
-0.271223
-0.266054
-0.265867
-0.265734
-0.265429
-0.265592
-0.265916
-0.26624
-0.266518
-0.266771
-0.266945
-0.267132
-0.267249
-0.267529
-0.267747
-0.268343
-0.268481
-0.268896
-0.267324
-0.265025
-0.257192
-0.246543
-0.226306
-0.200994
-0.16874
-0.129115
-0.0975663
-0.0545812
-0.0358988
-0.00312271
-0.257673
-0.260747
-0.264164
-0.264387
-0.264146
-0.264398
-0.264824
-0.265234
-0.265582
-0.265897
-0.266123
-0.266353
-0.266503
-0.266814
-0.267
-0.267516
-0.267588
-0.267875
-0.266222
-0.263718
-0.25591
-0.245031
-0.22516
-0.199817
-0.168182
-0.129106
-0.0976527
-0.0557951
-0.0360658
-0.00422362
-0.254796
-0.257409
-0.261368
-0.261793
-0.261593
-0.261977
-0.262595
-0.263171
-0.263648
-0.264076
-0.264399
-0.264709
-0.264907
-0.26522
-0.2654
-0.26585
-0.2658
-0.26586
-0.263999
-0.261125
-0.253247
-0.242029
-0.222628
-0.19737
-0.166643
-0.128468
-0.0973064
-0.0569594
-0.0361209
-0.00542036
-0.251862
-0.253757
-0.257083
-0.257854
-0.257951
-0.258566
-0.259437
-0.260243
-0.260909
-0.261503
-0.261968
-0.262398
-0.262681
-0.263043
-0.263213
-0.263582
-0.263391
-0.26318
-0.261069
-0.257763
-0.249782
-0.238219
-0.219299
-0.194258
-0.164492
-0.127429
-0.0966328
-0.0579367
-0.0360778
-0.00653626
-0.247478
-0.24908
-0.251374
-0.25246
-0.253089
-0.254066
-0.255243
-0.256339
-0.257257
-0.258071
-0.258728
-0.259322
-0.259728
-0.260164
-0.260345
-0.260627
-0.260296
-0.259794
-0.257432
-0.253678
-0.245605
-0.23374
-0.215314
-0.190643
-0.161848
-0.12609
-0.0956974
-0.0587474
-0.0359613
-0.00755747
-0.240842
-0.243033
-0.244557
-0.245793
-0.247003
-0.248442
-0.249971
-0.251391
-0.252605
-0.253685
-0.254576
-0.255369
-0.255931
-0.256462
-0.256679
-0.256877
-0.256413
-0.255614
-0.25301
-0.248818
-0.240668
-0.22858
-0.210659
-0.186526
-0.158718
-0.124436
-0.0945097
-0.0593566
-0.0357819
-0.00846113
-0.232097
-0.235546
-0.236835
-0.238145
-0.239861
-0.241801
-0.243715
-0.24547
-0.246996
-0.248361
-0.249507
-0.250516
-0.251253
-0.251887
-0.252155
-0.252287
-0.251701
-0.250608
-0.247777
-0.243183
-0.234974
-0.22277
-0.205366
-0.181942
-0.155139
-0.122468
-0.0930935
-0.0597372
-0.0355519
-0.00923049
-0.222087
-0.226829
-0.228373
-0.229819
-0.231937
-0.234353
-0.236665
-0.238752
-0.240582
-0.242225
-0.243625
-0.244848
-0.245762
-0.246498
-0.246816
-0.246895
-0.246199
-0.24483
-0.241788
-0.23685
-0.228606
-0.216406
-0.19953
-0.176964
-0.151189
-0.120208
-0.0914842
-0.0598756
-0.0352824
-0.00985683
-0.211425
-0.217218
-0.219337
-0.221058
-0.223505
-0.226334
-0.229031
-0.231443
-0.233558
-0.23546
-0.237097
-0.238518
-0.239598
-0.240426
-0.240797
-0.240812
-0.240016
-0.238401
-0.235168
-0.229959
-0.221705
-0.209622
-0.193288
-0.171687
-0.146959
-0.117692
-0.0897193
-0.05977
-0.03498
-0.0103395
-0.200515
-0.207082
-0.209904
-0.212026
-0.214776
-0.217947
-0.220999
-0.223723
-0.226108
-0.228245
-0.230097
-0.231696
-0.232924
-0.233834
-0.234244
-0.234194
-0.233307
-0.231481
-0.22808
-0.222674
-0.214437
-0.20257
-0.186786
-0.166212
-0.142544
-0.11496
-0.0878335
-0.0594288
-0.0346462
-0.0106854
-0.18966
-0.196731
-0.200239
-0.202835
-0.205887
-0.209347
-0.212711
-0.215729
-0.218371
-0.220726
-0.222773
-0.224531
-0.22589
-0.22687
-0.227309
-0.227202
-0.226231
-0.224234
-0.22069
-0.215159
-0.206968
-0.195388
-0.180165
-0.160632
-0.138029
-0.112056
-0.085855
-0.0588692
-0.0342784
-0.0109078
-0.179026
-0.18638
-0.190486
-0.193569
-0.196929
-0.200639
-0.204273
-0.207562
-0.210448
-0.213007
-0.215232
-0.217134
-0.218612
-0.219657
-0.220122
-0.219968
-0.218921
-0.216795
-0.21314
-0.207547
-0.199435
-0.188192
-0.173535
-0.155025
-0.13348
-0.109021
-0.0838043
-0.0581136
-0.033871
-0.0110233
-0.168694
-0.176174
-0.180763
-0.184302
-0.187964
-0.191898
-0.195762
-0.199294
-0.202408
-0.20516
-0.20755
-0.209586
-0.211171
-0.212281
-0.212772
-0.212589
-0.211482
-0.209266
-0.205535
-0.199935
-0.191936
-0.18106
-0.166975
-0.149447
-0.128943
-0.105892
-0.0816946
-0.0571871
-0.0334172
-0.0110496
-0.158727
-0.166216
-0.171171
-0.175105
-0.179047
-0.183181
-0.187241
-0.190983
-0.194303
-0.197237
-0.199781
-0.201941
-0.203628
-0.204803
-0.205326
-0.205131
-0.203984
-0.201716
-0.197949
-0.192388
-0.184537
-0.174044
-0.160533
-0.143935
-0.124449
-0.102698
-0.0795354
-0.0561157
-0.0329115
-0.0110035
-0.14917
-0.156577
-0.16179
-0.166047
-0.170233
-0.17454
-0.178761
-0.182679
-0.186182
-0.189281
-0.191967
-0.194245
-0.196027
-0.19727
-0.197831
-0.197643
-0.196479
-0.194194
-0.190428
-0.184947
-0.177277
-0.167177
-0.154238
-0.138516
-0.120016
-0.0994645
-0.0773343
-0.0549239
-0.0323507
-0.0108997
-0.140057
-0.14731
-0.152687
-0.157192
-0.161575
-0.166023
-0.170373
-0.174435
-0.178091
-0.181337
-0.184152
-0.186539
-0.18841
-0.189722
-0.190329
-0.190166
-0.189009
-0.186738
-0.183009
-0.177641
-0.170182
-0.160477
-0.148108
-0.133208
-0.115658
-0.0962151
-0.0750991
-0.0536349
-0.0317349
-0.0107506
-0.131413
-0.138459
-0.143918
-0.148599
-0.15313
-0.157684
-0.162128
-0.166299
-0.170079
-0.17345
-0.17638
-0.178866
-0.180821
-0.182201
-0.182861
-0.182736
-0.18161
-0.179381
-0.175721
-0.170492
-0.16327
-0.153962
-0.142154
-0.128028
-0.111385
-0.0929704
-0.0728395
-0.05227
-0.0310674
-0.0105662
-0.123259
-0.130056
-0.135528
-0.140318
-0.144949
-0.14957
-0.154077
-0.158324
-0.162198
-0.165669
-0.168696
-0.17127
-0.173303
-0.174751
-0.175468
-0.175395
-0.174319
-0.172154
-0.16859
-0.163525
-0.156559
-0.147647
-0.136389
-0.12299
-0.10721
-0.089751
-0.0705675
-0.0508494
-0.0303545
-0.0103547
-0.115606
-0.122127
-0.127553
-0.132395
-0.137079
-0.141732
-0.146268
-0.15056
-0.154498
-0.158045
-0.161151
-0.1638
-0.165903
-0.167416
-0.168196
-0.168183
-0.167174
-0.165092
-0.161648
-0.156763
-0.150068
-0.141547
-0.130825
-0.11811
-0.103147
-0.0865772
-0.0682977
-0.049392
-0.0296045
-0.0101231
-0.108462
-0.114688
-0.120025
-0.124869
-0.129564
-0.134216
-0.138751
-0.143058
-0.147032
-0.150631
-0.153797
-0.156508
-0.158672
-0.160247
-0.16109
-0.161145
-0.160215
-0.158232
-0.154925
-0.150234
-0.143819
-0.135683
-0.125478
-0.113407
-0.0992107
-0.0834698
-0.0660467
-0.0479167
-0.0288277
-0.00987719
-0.101832
-0.107756
-0.112968
-0.117774
-0.122445
-0.127066
-0.131572
-0.135867
-0.139853
-0.143481
-0.146688
-0.149446
-0.151664
-0.153295
-0.154201
-0.154328
-0.153486
-0.151613
-0.148456
-0.143968
-0.137836
-0.130076
-0.120366
-0.108898
-0.0954202
-0.0804503
-0.0638333
-0.0464419
-0.0280354
-0.00962223
-0.0957182
-0.101339
-0.106403
-0.111139
-0.115757
-0.120322
-0.124778
-0.129039
-0.133012
-0.136648
-0.139879
-0.142671
-0.144932
-0.146613
-0.147582
-0.147782
-0.147033
-0.145277
-0.142279
-0.137997
-0.132147
-0.12475
-0.11551
-0.104606
-0.0917961
-0.0775414
-0.0616782
-0.0449864
-0.0272399
-0.00936323
-0.0901227
-0.095448
-0.100349
-0.104993
-0.109535
-0.114026
-0.118412
-0.12262
-0.126562
-0.130189
-0.133427
-0.13624
-0.138534
-0.14026
-0.141287
-0.14156
-0.140906
-0.139271
-0.136433
-0.132357
-0.126783
-0.119733
-0.110936
-0.100556
-0.0883622
-0.074767
-0.0596034
-0.0435695
-0.0264542
-0.00910513
-0.0850496
-0.0900926
-0.0948235
-0.09936
-0.103813
-0.108215
-0.112519
-0.11666
-0.120557
-0.124158
-0.127391
-0.130213
-0.132531
-0.134294
-0.135375
-0.135718
-0.135159
-0.133643
-0.130964
-0.12709
-0.12178
-0.115058
-0.106672
-0.0967739
-0.0851448
-0.0721531
-0.0576328
-0.0422111
-0.0256919
-0.00885286
-0.080506
-0.0852851
-0.0898471
-0.0942687
-0.0986232
-0.10293
-0.107144
-0.111209
-0.115049
-0.118615
-0.12183
-0.124652
-0.126985
-0.128779
-0.129909
-0.130318
-0.129848
-0.128448
-0.125922
-0.12224
-0.117178
-0.11076
-0.102751
-0.093292
-0.0821735
-0.0697276
-0.0557917
-0.040932
-0.024967
-0.00861147
-0.0765025
-0.0810413
-0.0854418
-0.0897479
-0.094002
-0.098211
-0.102333
-0.106319
-0.110097
-0.113619
-0.11681
-0.119623
-0.121965
-0.123783
-0.124954
-0.125423
-0.125037
-0.123744
-0.121361
-0.117858
-0.113024
-0.106882
-0.0992135
-0.0901457
-0.0794817
-0.0675215
-0.0541076
-0.0397543
-0.0242941
-0.00838618
-0.0730577
-0.0773834
-0.0816358
-0.0858321
-0.0899897
-0.0941049
-0.0981382
-0.102045
-0.10576
-0.109236
-0.112398
-0.115198
-0.117542
-0.119377
-0.120584
-0.121105
-0.120793
-0.119598
-0.117344
-0.114001
-0.10937
-0.103473
-0.0961022
-0.0873759
-0.077107
-0.0655689
-0.05261
-0.0387015
-0.0236887
-0.00818237
-0.0701954
-0.0743405
-0.0784637
-0.0825619
-0.0866324
-0.090663
-0.0946154
-0.0984499
-0.102106
-0.105537
-0.108669
-0.111453
-0.113796
-0.115643
-0.116878
-0.117443
-0.117195
-0.116084
-0.11394
-0.110735
-0.106278
-0.100588
-0.0934693
-0.0850298
-0.0750923
-0.0639077
-0.0513315
-0.0377986
-0.0231671
-0.00800563
-0.0679524
-0.0719536
-0.0759718
-0.079989
-0.0839872
-0.0879472
-0.0918321
-0.0956054
-0.0992103
-0.102602
-0.105707
-0.108475
-0.110814
-0.112669
-0.113926
-0.114525
-0.114328
-0.113284
-0.11123
-0.108135
-0.103818
-0.098293
-0.0913746
-0.0831621
-0.0734864
-0.0625808
-0.050308
-0.0370733
-0.0227469
-0.00786172
-0.0663819
-0.0702795
-0.0742225
-0.0781811
-0.0821267
-0.0860352
-0.0898704
-0.0935985
-0.0971652
-0.100526
-0.10361
-0.106365
-0.108701
-0.110561
-0.111832
-0.112456
-0.112294
-0.111297
-0.109307
-0.106291
-0.102073
-0.0966654
-0.0898892
-0.0818365
-0.0723464
-0.061637
-0.0495796
-0.0365551
-0.0224478
-0.00775697
-0.06553
-0.0693799
-0.0732853
-0.0772136
-0.0811316
-0.0850133
-0.0888225
-0.0925265
-0.096073
-0.0994178
-0.10249
-0.105238
-0.107572
-0.109433
-0.110712
-0.111348
-0.111206
-0.110234
-0.108279
-0.105305
-0.101142
-0.0957954
-0.0890969
-0.0811275
-0.0717385
-0.0611312
-0.0491916
-0.0362762
-0.0222902
-0.00769876
-0.168122
-0.176825
-0.18494
-0.192488
-0.199493
-0.205979
-0.211971
-0.217492
-0.222567
-0.227218
-0.231468
-0.23535
-0.238915
-0.242241
-0.245454
-0.248765
-0.252411
-0.257133
-0.26247
-0.273662
-0.15528
-0.163691
-0.171617
-0.179077
-0.186093
-0.192684
-0.198872
-0.204676
-0.210121
-0.215235
-0.220059
-0.224649
-0.22909
-0.233518
-0.238071
-0.243063
-0.248395
-0.255109
-0.260299
-0.271552
-0.143439
-0.151501
-0.159167
-0.166461
-0.173403
-0.180016
-0.186322
-0.192348
-0.198125
-0.203691
-0.209095
-0.214399
-0.219658
-0.224968
-0.230275
-0.235803
-0.240863
-0.246887
-0.25042
-0.260396
-0.132545
-0.140271
-0.147684
-0.154805
-0.161652
-0.168247
-0.174611
-0.180768
-0.186746
-0.192573
-0.198271
-0.203869
-0.20934
-0.214734
-0.219863
-0.225078
-0.229666
-0.235544
-0.239625
-0.248988
-0.122601
-0.129992
-0.137137
-0.14405
-0.150748
-0.157247
-0.163563
-0.169712
-0.175705
-0.181556
-0.187259
-0.192832
-0.198232
-0.203564
-0.208687
-0.214085
-0.219107
-0.225303
-0.230012
-0.238015
-0.113502
-0.120552
-0.127405
-0.134071
-0.140563
-0.146893
-0.153069
-0.159102
-0.164997
-0.170764
-0.176401
-0.181947
-0.187385
-0.192842
-0.198186
-0.203764
-0.208948
-0.214755
-0.219472
-0.22627
-0.105154
-0.111857
-0.118401
-0.124794
-0.131045
-0.137161
-0.143151
-0.149024
-0.154785
-0.160452
-0.166029
-0.171552
-0.176996
-0.182436
-0.187729
-0.193084
-0.198108
-0.203499
-0.208393
-0.214546
-0.0974939
-0.10385
-0.110077
-0.116183
-0.122172
-0.128054
-0.133833
-0.13952
-0.14512
-0.150646
-0.156095
-0.161485
-0.166785
-0.172039
-0.177168
-0.182327
-0.187336
-0.19257
-0.197598
-0.203248
-0.0904689
-0.0964811
-0.10239
-0.1082
-0.113917
-0.119546
-0.125093
-0.130563
-0.135959
-0.141288
-0.146546
-0.151744
-0.156871
-0.161962
-0.16699
-0.172034
-0.176995
-0.18202
-0.186952
-0.192209
-0.0840185
-0.0896951
-0.0952879
-0.100801
-0.106238
-0.111602
-0.116898
-0.122129
-0.127298
-0.132409
-0.137463
-0.142472
-0.147432
-0.152362
-0.157243
-0.162099
-0.166892
-0.171687
-0.176478
-0.181477
-0.0780931
-0.0834441
-0.0887271
-0.0939447
-0.0990996
-0.104195
-0.109233
-0.114218
-0.119151
-0.124038
-0.12888
-0.133682
-0.138442
-0.143165
-0.147844
-0.152493
-0.157108
-0.161718
-0.166352
-0.171124
-0.072649
-0.0776865
-0.0826685
-0.0875966
-0.092473
-0.0973001
-0.10208
-0.106815
-0.111508
-0.11616
-0.120773
-0.125349
-0.129889
-0.134396
-0.138871
-0.143321
-0.14775
-0.152163
-0.156597
-0.161135
-0.0676413
-0.0723801
-0.0770724
-0.0817203
-0.0863253
-0.0908889
-0.0954127
-0.0998982
-0.104347
-0.10876
-0.11314
-0.117487
-0.121805
-0.126095
-0.130358
-0.134596
-0.138812
-0.143011
-0.147227
-0.151532
-0.0630398
-0.067494
-0.0719087
-0.0762864
-0.0806282
-0.0849349
-0.0892073
-0.0934466
-0.097654
-0.101831
-0.105978
-0.110097
-0.114189
-0.118255
-0.122296
-0.126312
-0.13031
-0.134292
-0.138288
-0.142355
-0.058819
-0.0630017
-0.0671511
-0.0712694
-0.0753573
-0.0794152
-0.0834435
-0.0874428
-0.0914139
-0.0953576
-0.0992746
-0.103166
-0.107032
-0.110874
-0.114692
-0.118489
-0.122268
-0.12603
-0.129801
-0.133626
-0.054944
-0.0588697
-0.0627677
-0.0666393
-0.0704848
-0.0743041
-0.0780974
-0.0818649
-0.0856069
-0.0893239
-0.0930164
-0.0966847
-0.10033
-0.103952
-0.107552
-0.11113
-0.11469
-0.118233
-0.121779
-0.125366
-0.0513862
-0.0550708
-0.058732
-0.0623704
-0.065986
-0.0695783
-0.0731473
-0.0766929
-0.0802151
-0.083714
-0.0871899
-0.0906428
-0.0940732
-0.0974812
-0.100868
-0.104232
-0.107578
-0.110906
-0.114233
-0.117588
-0.0481242
-0.0515832
-0.0550222
-0.0584413
-0.0618399
-0.0652177
-0.0685741
-0.0719089
-0.0752218
-0.0785126
-0.0817813
-0.0850278
-0.0882521
-0.0914544
-0.0946351
-0.097794
-0.100933
-0.104053
-0.107168
-0.1103
-0.0451365
-0.0483854
-0.0516171
-0.054831
-0.0580264
-0.0612026
-0.064359
-0.067495
-0.0706102
-0.0737041
-0.0767765
-0.0798271
-0.0828558
-0.0858624
-0.0888471
-0.0918097
-0.0947516
-0.0976729
-0.100585
-0.103506
-0.0424072
-0.0454613
-0.0485003
-0.0515234
-0.0545294
-0.0575175
-0.0604868
-0.0634367
-0.0663665
-0.0692757
-0.0721636
-0.07503
-0.0778745
-0.0806966
-0.0834966
-0.0862738
-0.0890295
-0.0917634
-0.0944852
-0.0972076
-0.03992
-0.0427951
-0.0456567
-0.0485035
-0.0513344
-0.0541483
-0.0569442
-0.0597214
-0.0624789
-0.0652161
-0.0679323
-0.0706269
-0.0732996
-0.0759497
-0.0785772
-0.0811814
-0.0837633
-0.0863222
-0.0888662
-0.0914046
-0.0376602
-0.0403735
-0.0430733
-0.0457588
-0.0484291
-0.0510831
-0.0537197
-0.0563379
-0.0589368
-0.0615156
-0.0640735
-0.0666098
-0.069124
-0.0716154
-0.0740838
-0.0765284
-0.0789499
-0.0813476
-0.0837277
-0.0860974
-0.0356284
-0.0381941
-0.0407465
-0.0432851
-0.045809
-0.0483172
-0.0508084
-0.0532816
-0.0557358
-0.0581699
-0.0605833
-0.0629751
-0.0653446
-0.0676913
-0.0700145
-0.0723137
-0.0745891
-0.07684
-0.0790714
-0.0812883
-0.033822
-0.0362537
-0.0386731
-0.0410792
-0.0434712
-0.0458478
-0.0482078
-0.0505502
-0.0528737
-0.0551776
-0.0574607
-0.0597224
-0.0619619
-0.0641783
-0.0663713
-0.06854
-0.0706845
-0.072804
-0.0749024
-0.0769831
-0.0322352
-0.0345482
-0.0368496
-0.0391383
-0.0414132
-0.0436731
-0.0459168
-0.0481431
-0.0503509
-0.0525392
-0.0547071
-0.0568538
-0.0589783
-0.06108
-0.0631582
-0.0652121
-0.0672417
-0.0692462
-0.0712284
-0.0731906
-0.0308727
-0.0330829
-0.0352819
-0.0374687
-0.0396419
-0.0418004
-0.0439431
-0.0460687
-0.0481763
-0.0502647
-0.0523331
-0.0543805
-0.0564061
-0.0584091
-0.0603889
-0.0623447
-0.0642763
-0.0661828
-0.0680662
-0.0699282
-0.0297398
-0.0318629
-0.0339751
-0.0360754
-0.0381625
-0.0402354
-0.0422928
-0.0443337
-0.0463571
-0.0483618
-0.0503471
-0.052312
-0.0542557
-0.0561774
-0.0580764
-0.059952
-0.0618038
-0.063631
-0.065435
-0.0672165
-0.0288599
-0.0309128
-0.0329551
-0.0349857
-0.0370033
-0.039007
-0.0409958
-0.0429685
-0.0449242
-0.0468621
-0.0487811
-0.0506805
-0.0525595
-0.0544174
-0.0562534
-0.058067
-0.0598576
-0.0616246
-0.0633688
-0.0650905
-0.0282264
-0.0302268
-0.0322169
-0.034196
-0.0361628
-0.0381165
-0.040056
-0.0419804
-0.0438888
-0.0457803
-0.047654
-0.0495093
-0.0513452
-0.0531611
-0.0549563
-0.0567301
-0.0584819
-0.0602111
-0.0619178
-0.0636021
-0.0279264
-0.0298896
-0.0318423
-0.0337836
-0.035713
-0.0376296
-0.0395329
-0.041422
-0.0432964
-0.0451553
-0.0469982
-0.0488245
-0.0506337
-0.0524252
-0.0541986
-0.0559534
-0.0576891
-0.0594053
-0.0611023
-0.0627799
0.132486
0.114283
0.0954638
0.0775271
0.0593542
0.0410878
0.0231755
0.00571052
-0.0113125
-0.027842
-0.043823
-0.0592294
-0.0740715
-0.0883068
-0.102278
-0.115194
-0.127112
-0.138298
-0.148862
-0.158806
0.122916
0.104702
0.0854671
0.0687137
0.0523285
0.0356755
0.0193131
0.00346824
-0.0119275
-0.0268904
-0.0413676
-0.0552853
-0.0685494
-0.081069
-0.0937139
-0.105551
-0.116577
-0.127007
-0.136936
-0.146364
0.112944
0.095375
0.0766134
0.0610618
0.0464688
0.0315084
0.0166395
0.00227239
-0.01163
-0.025145
-0.0382516
-0.0509187
-0.0631314
-0.0748783
-0.0857422
-0.0965267
-0.106896
-0.116722
-0.126062
-0.134963
0.102787
0.0862128
0.0684805
0.054164
0.0411681
0.0278036
0.0143412
0.00130437
-0.0112634
-0.0234716
-0.0353347
-0.0468108
-0.0578554
-0.068422
-0.0784802
-0.0884555
-0.0981163
-0.107318
-0.11609
-0.124489
0.093013
0.0777196
0.061295
0.0481827
0.0365612
0.0246251
0.0124592
0.000617264
-0.0107736
-0.0218212
-0.032573
-0.0430006
-0.0530671
-0.0627605
-0.0720731
-0.0812949
-0.0902372
-0.0988066
-0.107028
-0.114951
0.0839293
0.0700128
0.054979
0.0429845
0.0325283
0.0218439
0.010862
0.000104666
-0.0102407
-0.0202603
-0.0300242
-0.0395213
-0.0487167
-0.0575978
-0.0661837
-0.0747597
-0.0830674
-0.091057
-0.0987691
-0.106244
0.0756009
0.0630297
0.0493848
0.0384327
0.0289796
0.0193907
0.00948525
-0.000282409
-0.00969367
-0.0188055
-0.0276989
-0.0363834
-0.0448393
-0.053057
-0.0610425
-0.0688303
-0.0764995
-0.0839741
-0.0912288
-0.0982819
0.0680056
0.0566943
0.0443925
0.0344213
0.0258479
0.0172178
0.00828291
-0.000583169
-0.00915534
-0.0174613
-0.0255804
-0.0335355
-0.0413151
-0.0489052
-0.0562952
-0.0634316
-0.0705331
-0.0775281
-0.0843512
-0.0909997
0.0611085
0.0509566
0.0399246
0.0308746
0.0230825
0.0152918
0.00722491
-0.000823109
-0.00863813
-0.0162233
-0.023647
-0.0309375
-0.0380863
-0.0450779
-0.0519038
-0.0585546
-0.0651688
-0.0716982
-0.0780925
-0.0843443
0.0548775
0.0457811
0.0359274
0.0277339
0.02064
0.0135847
0.0062893
-0.00102026
-0.00815137
-0.0150897
-0.0218903
-0.0285826
-0.0351638
-0.0416214
-0.0479506
-0.0541497
-0.0603142
-0.0664029
-0.0723832
-0.0782515
0.0492781
0.0411322
0.0323543
0.0249488
0.0184804
0.0120706
0.00545824
-0.0011879
-0.00770178
-0.0140587
-0.0203003
-0.0264545
-0.0325224
-0.0384949
-0.0443686
-0.0501458
-0.0558984
-0.0615794
-0.0671687
-0.0726702
0.0442697
0.0369717
0.0291623
0.0224747
0.0165679
0.0107263
0.00471734
-0.00133529
-0.00729319
-0.013127
-0.0188666
-0.0245357
-0.0301369
-0.0356624
-0.0411086
-0.0464826
-0.0518627
-0.0571717
-0.0623982
-0.0675541
0.0398069
0.0332604
0.0263125
0.0202732
0.0148715
0.00953193
0.00405576
-0.00146753
-0.00692571
-0.0122892
-0.0175785
-0.0228139
-0.0279997
-0.0331317
-0.0382058
-0.0432205
-0.0481831
-0.0531189
-0.0580123
-0.0628531
0.0358423
0.0299597
0.023771
0.0183124
0.013365
0.00847117
0.00346611
-0.00158548
-0.00659447
-0.0115335
-0.0164161
-0.0212585
-0.026065
-0.030833
-0.035557
-0.040229
-0.0448211
-0.0494151
-0.0539971
-0.0585416
0.0323286
0.0270321
0.0215078
0.0165656
0.0120268
0.00753032
0.00294309
-0.0016879
-0.00629273
-0.0108472
-0.0153597
-0.0198419
-0.0242969
-0.0287216
-0.033111
-0.0374601
-0.0417601
-0.0460571
-0.050343
-0.0545998
0.0292209
0.0244418
0.0194964
0.0150107
0.0108387
0.00669755
0.00248182
-0.00177404
-0.00601569
-0.0102225
-0.0143993
-0.0185544
-0.02269
-0.026804
-0.0308922
-0.0349515
-0.0389768
-0.0429965
-0.0470044
-0.0509888
0.026478
0.0221549
0.0177124
0.0136291
0.00978559
0.00596251
0.00207758
-0.00184379
-0.00575965
-0.00965296
-0.0135261
-0.0173847
-0.0212303
-0.025061
-0.0288734
-0.0326649
-0.0364326
-0.0401947
-0.0439458
-0.0476777
0.0240629
0.0201409
0.0161343
0.0124045
0.00885473
0.00531632
0.00172609
-0.0018971
-0.0055211
-0.00913201
-0.0127306
-0.0163206
-0.0199027
-0.0234752
-0.0270353
-0.0305805
-0.0341089
-0.0376331
-0.0411472
-0.0446452
0.0219432
0.0183725
0.0147427
0.011323
0.00803531
0.00475139
0.00142358
-0.00193401
-0.00529693
-0.00865396
-0.0120049
-0.0153518
-0.0186949
-0.0220324
-0.0253619
-0.0286811
-0.0319885
-0.0352933
-0.038589
-0.0418707
0.0200901
0.0168259
0.0135209
0.0103724
0.00731786
0.004261
0.00116654
-0.00195486
-0.00508468
-0.00821395
-0.0113418
-0.0144692
-0.0175959
-0.0207202
-0.0238397
-0.0269527
-0.0300576
-0.0331617
-0.0362566
-0.0393388
0.0184781
0.0154801
0.0124539
0.00954162
0.00669373
0.00383874
0.000951144
-0.00196087
-0.0048833
-0.00780899
-0.0107366
-0.0136664
-0.0165973
-0.0195276
-0.0224549
-0.0253776
-0.0282955
-0.0312189
-0.0341322
-0.0370323
0.0170849
0.0143166
0.0115285
0.00882086
0.00615496
0.00347844
0.00077328
-0.00195411
-0.0046932
-0.00743836
-0.0101882
-0.0129422
-0.0156996
-0.0184586
-0.0212174
-0.0239734
-0.0267237
-0.0294623
-0.0322002
-0.0349346
0.0158906
0.0133192
0.0107329
0.00820134
0.00569452
0.00317471
0.000629581
-0.00193576
-0.00451335
-0.0070987
-0.00969028
-0.0122873
-0.0148885
-0.0174922
-0.0200964
-0.0226985
-0.0252955
-0.0278803
-0.0304663
-0.0330511
0.014878
0.0124732
0.0100563
0.00767468
0.00530536
0.00292173
0.00051566
-0.00190871
-0.0043453
-0.00679051
-0.00924274
-0.0117009
-0.0141637
-0.0166293
-0.0190958
-0.0215611
-0.0240227
-0.0264768
-0.0289297
-0.0313796
0.0140319
0.0117657
0.00948871
0.00723249
0.00497999
0.00271273
0.000425587
-0.00187803
-0.00419347
-0.00651776
-0.00884936
-0.0111871
-0.0135294
-0.0158747
-0.0182212
-0.0205669
-0.0229098
-0.025247
-0.0275817
-0.0299122
0.0133391
0.0111851
0.00902066
0.00686673
0.00471093
0.00254065
0.000352854
-0.00184964
-0.00406319
-0.00628536
-0.00851466
-0.0107498
-0.0129894
-0.0152317
-0.0174752
-0.0197179
-0.0219582
-0.0241935
-0.0264256
-0.0286529
0.0127889
0.0107216
0.00864383
0.00656981
0.00449073
0.00239811
0.00029028
-0.00183039
-0.00396102
-0.00609957
-0.0082446
-0.0103948
-0.0125489
-0.0147052
-0.0168623
-0.0190185
-0.0211723
-0.0233217
-0.0254671
-0.0276072
0.0123736
0.0103675
0.00835136
0.00633514
0.0043125
0.00227766
0.000229777
-0.00182913
-0.0038967
-0.00597118
-0.00805124
-0.0101356
-0.012223
-0.014312
-0.016401
-0.0184886
-0.0205732
-0.0226529
-0.024728
-0.0267976
0.0120899
0.010119
0.00813954
0.00615906
0.0041728
0.00217649
0.000169648
-0.00184605
-0.00386869
-0.00589678
-0.00792913
-0.00996464
-0.0120021
-0.0140403
-0.016078
-0.0181139
-0.0201469
-0.0221757
-0.0241996
-0.026217
0.0119418
0.00997937
0.00800801
0.00603392
0.00405461
0.00206761
7.29072e-05
-0.00192801
-0.00393345
-0.00594203
-0.00795259
-0.00996405
-0.0119753
-0.0139852
-0.0159926
-0.0179962
-0.0199949
-0.0219871
-0.0239734
-0.0259537
0.130842
0.133741
0.133807
0.139979
0.142442
0.151675
0.157223
0.1697
0.17816
0.192864
0.201371
0.213716
0.21271
0.209248
0.171068
0.130693
0.133537
0.133569
0.139537
0.141907
0.150726
0.155984
0.167666
0.175385
0.188553
0.195462
0.204863
0.201186
0.192065
0.155852
0.130527
0.13331
0.133295
0.139037
0.141279
0.149644
0.154544
0.165367
0.172241
0.183812
0.18907
0.19566
0.189779
0.176972
0.144161
0.130344
0.133057
0.132992
0.138482
0.140588
0.148452
0.152973
0.162864
0.168874
0.178758
0.182427
0.186233
0.17861
0.163082
0.132413
0.130144
0.132775
0.132662
0.137871
0.139838
0.147154
0.151287
0.16018
0.165328
0.173461
0.175645
0.176758
0.167748
0.150057
0.120621
0.129925
0.132461
0.132303
0.1372
0.139023
0.145746
0.149477
0.157311
0.161603
0.167947
0.168753
0.167334
0.157191
0.137872
0.109399
0.129686
0.132114
0.131911
0.136467
0.138139
0.144222
0.147541
0.154261
0.157704
0.162247
0.161772
0.158037
0.146953
0.126558
0.0990415
0.129427
0.13173
0.131487
0.135667
0.137186
0.142582
0.145478
0.151036
0.153641
0.156401
0.154735
0.148943
0.137072
0.116118
0.0895868
0.129147
0.131308
0.131028
0.1348
0.13616
0.140824
0.143289
0.147649
0.149429
0.150456
0.147682
0.140124
0.12759
0.106511
0.0809905
0.128845
0.130843
0.130534
0.133862
0.135059
0.138952
0.140976
0.14412
0.14508
0.144465
0.140649
0.131635
0.11854
0.0976812
0.0732067
0.128521
0.130334
0.130002
0.132853
0.133882
0.136971
0.13854
0.140472
0.140613
0.13848
0.133675
0.123515
0.109956
0.0895715
0.0661918
0.128174
0.12978
0.129433
0.131776
0.132627
0.13489
0.135984
0.13673
0.136047
0.132547
0.126802
0.115785
0.101868
0.0821314
0.0598955
0.127805
0.12918
0.128823
0.130633
0.131292
0.132721
0.133311
0.132924
0.131408
0.126709
0.120074
0.108457
0.0943021
0.0753173
0.0542586
0.127414
0.128533
0.128172
0.12943
0.129875
0.130478
0.130531
0.129083
0.126723
0.120998
0.113538
0.101536
0.0872741
0.0690914
0.0492188
0.127002
0.127841
0.127476
0.128175
0.128376
0.128178
0.127656
0.125235
0.122027
0.115443
0.107238
0.0950222
0.0807859
0.0634201
0.0447165
0.126567
0.127107
0.126734
0.126878
0.126796
0.125839
0.124702
0.121404
0.117358
0.110068
0.101217
0.0889175
0.0748274
0.0582724
0.0406986
0.126113
0.126338
0.125943
0.125551
0.125143
0.123478
0.121691
0.117614
0.112757
0.104892
0.0955111
0.0832223
0.0693794
0.0536182
0.0371194
0.125638
0.125541
0.125103
0.124205
0.123424
0.121109
0.11865
0.113886
0.108267
0.0999369
0.0901457
0.0779381
0.0644183
0.049427
0.0339396
0.125145
0.124726
0.124215
0.122853
0.121654
0.118751
0.115611
0.110243
0.103931
0.0952238
0.0851383
0.0730656
0.0599193
0.0456687
0.0311242
0.124634
0.123904
0.123285
0.121504
0.119853
0.116419
0.112608
0.106708
0.0997851
0.0907754
0.080499
0.0686031
0.055859
0.0423138
0.028642
0.124109
0.123087
0.12232
0.120171
0.118042
0.114131
0.109681
0.103308
0.0958636
0.0866146
0.0762335
0.0645466
0.0522157
0.0393349
0.0264643
0.123574
0.12229
0.121334
0.118865
0.116251
0.111907
0.106866
0.100071
0.0921954
0.0827636
0.0723455
0.0608895
0.0489698
0.0367067
0.0245655
0.123036
0.121524
0.120344
0.117598
0.11451
0.109772
0.1042
0.0970314
0.0888067
0.0792425
0.0688381
0.0576248
0.0461033
0.0344071
0.0229232
0.122504
0.120803
0.119372
0.116384
0.112854
0.107754
0.101719
0.0942245
0.0857227
0.0760702
0.0657154
0.054746
0.0436005
0.0324167
0.0215177
0.12199
0.120141
0.118443
0.115243
0.111316
0.105888
0.0994595
0.0916866
0.082969
0.0732645
0.0629826
0.0522486
0.0414486
0.0307195
0.0203326
0.121509
0.11955
0.117587
0.114198
0.109931
0.104214
0.0974578
0.0894549
0.0805733
0.0708446
0.0606474
0.0501312
0.0396388
0.029303
0.019354
0.121079
0.119045
0.116834
0.113278
0.108736
0.102776
0.0957547
0.0875688
0.0785663
0.0688331
0.0587219
0.0483973
0.038167
0.0281591
0.0185716
0.120722
0.118639
0.116218
0.112521
0.107769
0.101618
0.0943942
0.0860711
0.0769841
0.0672577
0.0572242
0.0470568
0.0370359
0.0272854
0.0179794
0.120462
0.118349
0.11577
0.11197
0.107074
0.100789
0.0934259
0.0850104
0.0758693
0.0661542
0.0561809
0.0461284
0.0362567
0.0266872
0.0175771
0.120321
0.118198
0.115525
0.111669
0.106698
0.100345
0.0929067
0.0844445
0.0752749
0.0655695
0.0556294
0.0456413
0.0358494
0.0263776
0.0173713
0.131818
0.135146
0.13485
0.142285
0.144142
0.155628
0.161043
0.177461
0.188206
0.211061
0.22962
0.261018
0.290606
0.333381
0.376817
0.131813
0.135138
0.134845
0.142273
0.144133
0.155607
0.161028
0.177424
0.188162
0.210979
0.229485
0.260803
0.290216
0.332776
0.375762
0.131804
0.135124
0.134837
0.142251
0.144127
0.155567
0.160999
0.17735
0.188074
0.210815
0.229214
0.260373
0.289436
0.331569
0.373653
0.131791
0.135102
0.134824
0.142216
0.144109
0.155507
0.160954
0.17724
0.187942
0.210568
0.22881
0.259728
0.28827
0.329762
0.370496
0.131773
0.135073
0.134807
0.142171
0.144086
0.155422
0.160894
0.177093
0.187767
0.21024
0.228273
0.258869
0.286719
0.327361
0.366297
0.13175
0.135037
0.134786
0.142114
0.144058
0.155328
0.160817
0.176911
0.187548
0.209831
0.227606
0.257797
0.284788
0.324372
0.361067
0.131723
0.134994
0.13476
0.142047
0.144025
0.155223
0.160725
0.176695
0.187287
0.209341
0.22681
0.256513
0.282483
0.320803
0.354818
0.131691
0.134944
0.13473
0.141968
0.143983
0.155085
0.160618
0.176444
0.186984
0.20877
0.22589
0.255017
0.27981
0.31666
0.347567
0.131655
0.134888
0.134695
0.141879
0.143933
0.154936
0.160496
0.176161
0.186639
0.20812
0.224848
0.25331
0.276776
0.311953
0.339335
0.131614
0.134825
0.134655
0.14178
0.143876
0.15477
0.160358
0.175845
0.186254
0.207392
0.223686
0.251394
0.273391
0.306691
0.330145
0.131569
0.134757
0.13461
0.141672
0.14381
0.154588
0.160205
0.1755
0.185827
0.206587
0.222408
0.24927
0.269664
0.300884
0.320024
0.131519
0.134682
0.13456
0.141554
0.143736
0.154393
0.160036
0.175125
0.18536
0.205708
0.221018
0.246938
0.265605
0.294541
0.309003
0.131464
0.134602
0.134506
0.141427
0.143654
0.154183
0.159851
0.174723
0.184853
0.204756
0.219517
0.2444
0.261227
0.287672
0.297116
0.131405
0.134516
0.134444
0.141289
0.143562
0.153961
0.15965
0.174294
0.184307
0.203733
0.217908
0.241659
0.256542
0.280285
0.284398
0.131342
0.134426
0.134368
0.141132
0.143461
0.153727
0.159433
0.173841
0.183722
0.202643
0.216194
0.238718
0.251564
0.272385
0.270889
0.131274
0.134332
0.134327
0.14101
0.143349
0.153482
0.159199
0.173364
0.183098
0.201488
0.214375
0.235579
0.246305
0.263976
0.256627
0.131201
0.134233
0.134244
0.140844
0.143228
0.153224
0.158947
0.172862
0.18243
0.200263
0.212447
0.23224
0.240775
0.255061
0.241654
0.131124
0.134128
0.134161
0.140678
0.143103
0.152962
0.158687
0.172348
0.181738
0.198992
0.210432
0.228735
0.235005
0.245656
0.226013
0.131043
0.134018
0.134077
0.140515
0.142981
0.152712
0.15844
0.171863
0.181064
0.197747
0.208389
0.225136
0.229001
0.235712
0.209633
0.130957
0.133905
0.133976
0.140322
0.142813
0.152391
0.158091
0.171231
0.180186
0.196213
0.205966
0.221
0.222421
0.224876
0.192405
0.130957
0.133905
0.133977
0.140322
0.142813
0.152391
0.158091
0.171231
0.180186
0.196213
0.205966
0.221
0.222421
0.224877
0.192406
0.131043
0.134018
0.134077
0.140515
0.142981
0.152712
0.15844
0.171864
0.181064
0.197747
0.208389
0.225136
0.229001
0.235713
0.209633
0.131124
0.134128
0.134161
0.140678
0.143103
0.152962
0.158687
0.172348
0.181738
0.198992
0.210432
0.228735
0.235005
0.245656
0.226013
0.131201
0.134233
0.134244
0.140844
0.143228
0.153224
0.158947
0.172862
0.18243
0.200263
0.212447
0.23224
0.240776
0.255061
0.241654
0.131274
0.134332
0.134327
0.14101
0.143349
0.153482
0.159199
0.173364
0.183098
0.201488
0.214375
0.235579
0.246305
0.263976
0.256627
0.131342
0.134426
0.134368
0.141132
0.143461
0.153727
0.159433
0.173841
0.183722
0.202644
0.216195
0.238718
0.251564
0.272385
0.270889
0.131405
0.134516
0.134444
0.141289
0.143562
0.153961
0.15965
0.174294
0.184307
0.203733
0.217908
0.241659
0.256542
0.280285
0.284398
0.131464
0.134602
0.134506
0.141427
0.143654
0.154183
0.159851
0.174723
0.184853
0.204756
0.219517
0.2444
0.261227
0.287672
0.297116
0.131519
0.134682
0.13456
0.141554
0.143736
0.154393
0.160036
0.175125
0.18536
0.205708
0.221018
0.246938
0.265605
0.294541
0.309004
0.131569
0.134757
0.13461
0.141672
0.14381
0.154588
0.160205
0.1755
0.185827
0.206587
0.222408
0.24927
0.269664
0.300884
0.320025
0.131614
0.134825
0.134655
0.14178
0.143876
0.15477
0.160358
0.175845
0.186254
0.207392
0.223686
0.251394
0.273391
0.306691
0.330145
0.131655
0.134888
0.134695
0.141879
0.143933
0.154936
0.160496
0.176161
0.186639
0.20812
0.224848
0.25331
0.276776
0.311953
0.339335
0.131691
0.134944
0.13473
0.141968
0.143983
0.155085
0.160618
0.176444
0.186984
0.20877
0.22589
0.255017
0.27981
0.31666
0.347567
0.131723
0.134994
0.13476
0.142047
0.144025
0.155223
0.160725
0.176695
0.187287
0.209341
0.22681
0.256513
0.282483
0.320803
0.354818
0.13175
0.135037
0.134786
0.142114
0.144058
0.155328
0.160817
0.176911
0.187548
0.209831
0.227606
0.257797
0.284788
0.324372
0.361067
0.131773
0.135073
0.134807
0.142171
0.144086
0.155422
0.160894
0.177093
0.187767
0.21024
0.228273
0.25887
0.286719
0.327361
0.366297
0.131791
0.135102
0.134824
0.142216
0.144109
0.155507
0.160954
0.17724
0.187942
0.210568
0.22881
0.259728
0.28827
0.329762
0.370496
0.131804
0.135124
0.134837
0.142251
0.144127
0.155567
0.160999
0.17735
0.188074
0.210815
0.229214
0.260373
0.289436
0.331569
0.373653
0.131813
0.135138
0.134845
0.142273
0.144133
0.155607
0.161028
0.177424
0.188162
0.210979
0.229485
0.260803
0.290216
0.332776
0.375762
0.131818
0.135146
0.13485
0.142285
0.144142
0.155628
0.161043
0.177461
0.188206
0.211061
0.22962
0.261018
0.290606
0.333381
0.376817
0.120321
0.118199
0.115525
0.111669
0.106698
0.100345
0.0929068
0.0844446
0.075275
0.0655696
0.0556295
0.0456414
0.0358495
0.0263777
0.0173714
0.120462
0.118349
0.11577
0.11197
0.107074
0.100789
0.093426
0.0850105
0.0758694
0.0661542
0.056181
0.0461285
0.0362568
0.0266873
0.0175772
0.120722
0.118639
0.116218
0.112521
0.107769
0.101618
0.0943943
0.0860712
0.0769841
0.0672578
0.0572243
0.0470569
0.037036
0.0272855
0.0179795
0.121079
0.119045
0.116834
0.113278
0.108736
0.102776
0.0957547
0.0875689
0.0785664
0.0688332
0.058722
0.0483974
0.0381671
0.0281592
0.0185717
0.121509
0.11955
0.117587
0.114198
0.109931
0.104214
0.0974579
0.089455
0.0805733
0.0708447
0.0606475
0.0501313
0.0396389
0.0293031
0.0193541
0.12199
0.120141
0.118443
0.115243
0.111316
0.105888
0.0994595
0.0916867
0.0829691
0.0732646
0.0629827
0.0522487
0.0414487
0.0307197
0.0203327
0.122504
0.120803
0.119372
0.116384
0.112854
0.107754
0.10172
0.0942246
0.0857228
0.0760703
0.0657155
0.0547461
0.0436006
0.0324169
0.0215179
0.123036
0.121524
0.120344
0.117598
0.11451
0.109772
0.1042
0.0970315
0.0888068
0.0792426
0.0688382
0.057625
0.0461034
0.0344072
0.0229233
0.123574
0.12229
0.121334
0.118865
0.116251
0.111907
0.106866
0.100071
0.0921955
0.0827637
0.0723456
0.0608897
0.0489699
0.0367068
0.0245657
0.124109
0.123088
0.12232
0.120171
0.118042
0.114131
0.109681
0.103308
0.0958637
0.0866147
0.0762336
0.0645467
0.0522159
0.039335
0.0264644
0.124634
0.123904
0.123285
0.121504
0.119853
0.116419
0.112609
0.106708
0.0997852
0.0907755
0.0804991
0.0686033
0.0558591
0.042314
0.0286421
0.125145
0.124726
0.124215
0.122853
0.121655
0.118751
0.115611
0.110243
0.103931
0.0952239
0.0851384
0.0730657
0.0599194
0.0456688
0.0311244
0.125638
0.125541
0.125103
0.124206
0.123424
0.121109
0.11865
0.113886
0.108267
0.099937
0.0901458
0.0779382
0.0644184
0.0494272
0.0339397
0.126113
0.126338
0.125943
0.125551
0.125143
0.123478
0.121691
0.117614
0.112757
0.104892
0.0955112
0.0832224
0.0693795
0.0536183
0.0371196
0.126567
0.127107
0.126734
0.126878
0.126796
0.125839
0.124703
0.121404
0.117358
0.110068
0.101217
0.0889176
0.0748275
0.0582726
0.0406987
0.127002
0.127841
0.127476
0.128175
0.128376
0.128178
0.127656
0.125235
0.122027
0.115444
0.107238
0.0950224
0.080786
0.0634203
0.0447167
0.127414
0.128533
0.128172
0.12943
0.129875
0.130478
0.130532
0.129083
0.126724
0.120999
0.113538
0.101536
0.0872743
0.0690915
0.049219
0.127805
0.12918
0.128823
0.130633
0.131292
0.132721
0.133311
0.132924
0.131408
0.126709
0.120075
0.108457
0.0943023
0.0753174
0.0542588
0.128174
0.12978
0.129433
0.131776
0.132627
0.13489
0.135984
0.13673
0.136048
0.132548
0.126802
0.115785
0.101868
0.0821315
0.0598956
0.128521
0.130334
0.130002
0.132853
0.133882
0.136971
0.13854
0.140472
0.140613
0.13848
0.133675
0.123515
0.109956
0.0895717
0.066192
0.128845
0.130843
0.130534
0.133862
0.135059
0.138952
0.140976
0.14412
0.14508
0.144465
0.140649
0.131636
0.11854
0.0976814
0.0732068
0.129147
0.131308
0.131028
0.1348
0.13616
0.140824
0.143289
0.14765
0.149429
0.150456
0.147682
0.140124
0.12759
0.106511
0.0809907
0.129427
0.13173
0.131487
0.135668
0.137186
0.142582
0.145478
0.151036
0.153641
0.156401
0.154736
0.148944
0.137072
0.116118
0.089587
0.129686
0.132114
0.131911
0.136467
0.13814
0.144222
0.147541
0.154261
0.157704
0.162247
0.161772
0.158037
0.146953
0.126558
0.0990417
0.129925
0.132461
0.132303
0.1372
0.139023
0.145746
0.149477
0.157312
0.161603
0.167948
0.168753
0.167334
0.157191
0.137872
0.109399
0.130144
0.132775
0.132662
0.137871
0.139838
0.147154
0.151287
0.16018
0.165328
0.173461
0.175645
0.176758
0.167748
0.150057
0.120621
0.130344
0.133057
0.132992
0.138482
0.140588
0.148452
0.152973
0.162864
0.168874
0.178758
0.182427
0.186234
0.178611
0.163082
0.132413
0.130527
0.13331
0.133295
0.139037
0.141279
0.149644
0.154544
0.165367
0.172241
0.183812
0.18907
0.19566
0.189779
0.176972
0.144161
0.130693
0.133537
0.133569
0.139537
0.141907
0.150726
0.155984
0.167666
0.175385
0.188553
0.195463
0.204863
0.201186
0.192065
0.155852
0.130842
0.133741
0.133807
0.139979
0.142442
0.151675
0.157223
0.1697
0.178161
0.192864
0.201371
0.213716
0.21271
0.209249
0.171068
0.0119419
0.00997945
0.00800809
0.00603399
0.00405468
0.00206768
7.29798e-05
-0.00192794
-0.00393338
-0.00594196
-0.00795253
-0.00996399
-0.0119753
-0.0139852
-0.0159925
-0.0179962
-0.0199948
-0.0219871
-0.0239734
-0.0259537
0.01209
0.0101191
0.00813962
0.00615914
0.00417288
0.00217657
0.000169725
-0.00184598
-0.00386862
-0.00589671
-0.00792907
-0.00996457
-0.012002
-0.0140402
-0.0160779
-0.0181138
-0.0201468
-0.0221757
-0.0241996
-0.026217
0.0123737
0.0103676
0.00835145
0.00633523
0.00431259
0.00227774
0.00022986
-0.00182904
-0.00389662
-0.0059711
-0.00805116
-0.0101355
-0.0122229
-0.0143119
-0.0164009
-0.0184886
-0.0205731
-0.0226528
-0.024728
-0.0267976
0.012789
0.0107217
0.00864393
0.00656991
0.00449082
0.0023982
0.000290372
-0.0018303
-0.00396093
-0.00609948
-0.00824451
-0.0103948
-0.0125488
-0.0147052
-0.0168623
-0.0190185
-0.0211722
-0.0233216
-0.0254671
-0.0276072
0.0133392
0.0111852
0.00902077
0.00686684
0.00471104
0.00254076
0.000352958
-0.00184953
-0.00406309
-0.00628526
-0.00851457
-0.0107497
-0.0129893
-0.0152316
-0.0174751
-0.0197179
-0.0219581
-0.0241935
-0.0264255
-0.0286528
0.014032
0.0117658
0.00948883
0.00723261
0.00498011
0.00271285
0.000425703
-0.00187792
-0.00419335
-0.00651765
-0.00884925
-0.0111869
-0.0135293
-0.0158746
-0.0182211
-0.0205668
-0.0229097
-0.0252469
-0.0275816
-0.0299121
0.0148781
0.0124733
0.0100565
0.00767481
0.00530549
0.00292186
0.000515788
-0.00190858
-0.00434518
-0.00679038
-0.00924262
-0.0117008
-0.0141636
-0.0166292
-0.0190957
-0.021561
-0.0240226
-0.0264767
-0.0289296
-0.0313795
0.0158907
0.0133193
0.010733
0.00820148
0.00569466
0.00317485
0.000629722
-0.00193562
-0.00451321
-0.00709856
-0.00969014
-0.0122872
-0.0148884
-0.0174921
-0.0200962
-0.0226983
-0.0252953
-0.0278802
-0.0304661
-0.033051
0.017085
0.0143168
0.0115286
0.00882102
0.00615512
0.00347859
0.000773432
-0.00195396
-0.00469305
-0.00743821
-0.010188
-0.0129421
-0.0156995
-0.0184585
-0.0212172
-0.0239733
-0.0267236
-0.0294621
-0.0322
-0.0349345
0.0184783
0.0154803
0.0124541
0.00954178
0.0066939
0.00383891
0.000951309
-0.0019607
-0.00488313
-0.00780882
-0.0107365
-0.0136662
-0.0165971
-0.0195274
-0.0224547
-0.0253775
-0.0282953
-0.0312188
-0.034132
-0.0370321
0.0200903
0.0168261
0.0135211
0.0103725
0.00731803
0.00426118
0.00116672
-0.00195468
-0.0050845
-0.00821377
-0.0113416
-0.014469
-0.0175957
-0.02072
-0.0238395
-0.0269525
-0.0300574
-0.0331615
-0.0362564
-0.0393386
0.0219434
0.0183727
0.0147429
0.0113232
0.00803549
0.00475157
0.00142377
-0.00193382
-0.00529674
-0.00865377
-0.0120047
-0.0153516
-0.0186947
-0.0220322
-0.0253617
-0.0286809
-0.0319883
-0.0352931
-0.0385887
-0.0418705
0.0240631
0.0201411
0.0161344
0.0124047
0.00885492
0.00531651
0.00172628
-0.0018969
-0.0055209
-0.00913181
-0.0127304
-0.0163204
-0.0199025
-0.023475
-0.0270351
-0.0305803
-0.0341087
-0.0376328
-0.041147
-0.044645
0.0264782
0.0221551
0.0177126
0.0136293
0.00978579
0.00596271
0.00207778
-0.00184358
-0.00575944
-0.00965274
-0.0135258
-0.0173844
-0.0212301
-0.0250607
-0.0288732
-0.0326647
-0.0364323
-0.0401945
-0.0439456
-0.0476774
0.0292211
0.024442
0.0194966
0.0150109
0.0108389
0.00669776
0.00248204
-0.00177382
-0.00601546
-0.0102223
-0.0143991
-0.0185542
-0.0226898
-0.0268037
-0.030892
-0.0349513
-0.0389766
-0.0429962
-0.0470041
-0.0509886
0.0323288
0.0270323
0.0215081
0.0165658
0.012027
0.00753054
0.00294331
-0.00168767
-0.0062925
-0.010847
-0.0153594
-0.0198416
-0.0242966
-0.0287214
-0.0331108
-0.0374598
-0.0417598
-0.0460569
-0.0503428
-0.0545995
0.0358425
0.0299599
0.0237712
0.0183126
0.0133652
0.00847139
0.00346634
-0.00158525
-0.00659423
-0.0115332
-0.0164158
-0.0212582
-0.0260648
-0.0308328
-0.0355567
-0.0402287
-0.0448208
-0.0494148
-0.0539968
-0.0585413
0.0398071
0.0332606
0.0263127
0.0202734
0.0148717
0.00953216
0.00405599
-0.00146729
-0.00692547
-0.0122889
-0.0175783
-0.0228137
-0.0279994
-0.0331314
-0.0382055
-0.0432202
-0.0481828
-0.0531186
-0.058012
-0.0628528
0.0442699
0.0369719
0.0291625
0.0224749
0.0165681
0.0107265
0.00471758
-0.00133505
-0.00729295
-0.0131268
-0.0188663
-0.0245354
-0.0301367
-0.0356621
-0.0411084
-0.0464823
-0.0518624
-0.0571714
-0.0623979
-0.0675538
0.0492783
0.0411325
0.0323545
0.024949
0.0184806
0.0120708
0.00545848
-0.00118766
-0.00770152
-0.0140585
-0.0203
-0.0264542
-0.0325221
-0.0384946
-0.0443683
-0.0501455
-0.0558981
-0.0615791
-0.0671684
-0.0726698
0.0548778
0.0457813
0.0359276
0.0277341
0.0206402
0.0135849
0.00628955
-0.00102001
-0.00815111
-0.0150895
-0.02189
-0.0285824
-0.0351635
-0.0416211
-0.0479503
-0.0541494
-0.0603139
-0.0664026
-0.0723829
-0.0782511
0.0611087
0.0509568
0.0399248
0.0308748
0.0230828
0.0152921
0.00722516
-0.000822856
-0.00863787
-0.016223
-0.0236467
-0.0309372
-0.038086
-0.0450776
-0.0519035
-0.0585543
-0.0651685
-0.0716979
-0.0780921
-0.0843439
0.0680058
0.0566945
0.0443927
0.0344216
0.0258481
0.0172181
0.00828316
-0.000582913
-0.00915507
-0.0174611
-0.0255801
-0.0335353
-0.0413148
-0.0489049
-0.0562949
-0.0634313
-0.0705328
-0.0775278
-0.0843508
-0.0909993
0.0756011
0.06303
0.049385
0.0384329
0.0289798
0.0193909
0.0094855
-0.000282149
-0.0096934
-0.0188052
-0.0276986
-0.0363831
-0.044839
-0.0530567
-0.0610421
-0.0688299
-0.0764991
-0.0839737
-0.0912284
-0.0982815
0.0839295
0.070013
0.0549792
0.0429848
0.0325286
0.0218441
0.0108622
0.000104928
-0.0102404
-0.02026
-0.0300239
-0.039521
-0.0487164
-0.0575975
-0.0661834
-0.0747593
-0.0830671
-0.0910567
-0.0987688
-0.106244
0.0930132
0.0777198
0.0612953
0.048183
0.0365614
0.0246254
0.0124595
0.000617528
-0.0107734
-0.0218209
-0.0325727
-0.0430003
-0.0530668
-0.0627602
-0.0720728
-0.0812945
-0.0902369
-0.0988063
-0.107028
-0.11495
0.102787
0.086213
0.0684807
0.0541643
0.0411683
0.0278039
0.0143414
0.00130464
-0.0112632
-0.0234713
-0.0353344
-0.0468105
-0.0578551
-0.0684217
-0.0784798
-0.0884552
-0.098116
-0.107318
-0.116089
-0.124488
0.112944
0.0953752
0.0766136
0.0610621
0.046469
0.0315086
0.0166398
0.00227266
-0.0116297
-0.0251447
-0.0382513
-0.0509184
-0.0631311
-0.074878
-0.0857418
-0.0965264
-0.106896
-0.116721
-0.126061
-0.134963
0.122917
0.104702
0.0854673
0.068714
0.0523288
0.0356758
0.0193134
0.00346851
-0.0119272
-0.0268901
-0.0413673
-0.055285
-0.0685491
-0.0810686
-0.0937136
-0.10555
-0.116577
-0.127007
-0.136935
-0.146363
0.132486
0.114283
0.0954641
0.0775274
0.0593544
0.0410881
0.0231757
0.00571079
-0.0113122
-0.0278417
-0.0438227
-0.0592291
-0.0740712
-0.0883065
-0.102278
-0.115194
-0.127112
-0.138298
-0.148862
-0.158805
-0.0279263
-0.0298896
-0.0318423
-0.0337836
-0.0357129
-0.0376296
-0.0395329
-0.041422
-0.0432964
-0.0451553
-0.0469982
-0.0488246
-0.0506337
-0.0524253
-0.0541986
-0.0559534
-0.0576891
-0.0594054
-0.0611024
-0.06278
-0.0282264
-0.0302267
-0.0322169
-0.0341959
-0.0361628
-0.0381165
-0.040056
-0.0419804
-0.0438888
-0.0457803
-0.047654
-0.0495093
-0.0513452
-0.0531611
-0.0549563
-0.0567301
-0.0584819
-0.0602111
-0.0619178
-0.0636022
-0.0288598
-0.0309128
-0.0329551
-0.0349856
-0.0370033
-0.039007
-0.0409958
-0.0429685
-0.0449242
-0.046862
-0.0487811
-0.0506805
-0.0525595
-0.0544174
-0.0562534
-0.058067
-0.0598576
-0.0616247
-0.0633688
-0.0650906
-0.0297397
-0.0318628
-0.0339751
-0.0360754
-0.0381625
-0.0402354
-0.0422928
-0.0443337
-0.046357
-0.0483618
-0.0503471
-0.052312
-0.0542557
-0.0561774
-0.0580764
-0.059952
-0.0618038
-0.0636311
-0.065435
-0.0672165
-0.0308726
-0.0330828
-0.0352819
-0.0374686
-0.0396418
-0.0418004
-0.043943
-0.0460687
-0.0481762
-0.0502647
-0.052333
-0.0543804
-0.0564061
-0.0584091
-0.0603889
-0.0623447
-0.0642763
-0.0661828
-0.0680662
-0.0699282
-0.0322351
-0.0345481
-0.0368495
-0.0391382
-0.0414132
-0.043673
-0.0459167
-0.048143
-0.0503508
-0.0525391
-0.0547071
-0.0568537
-0.0589783
-0.0610799
-0.0631581
-0.0652121
-0.0672417
-0.0692461
-0.0712283
-0.0731906
-0.0338219
-0.0362536
-0.0386729
-0.0410791
-0.0434711
-0.0458477
-0.0482078
-0.0505501
-0.0528737
-0.0551775
-0.0574606
-0.0597223
-0.0619618
-0.0641783
-0.0663712
-0.0685399
-0.0706844
-0.0728039
-0.0749023
-0.0769831
-0.0356283
-0.0381939
-0.0407464
-0.043285
-0.0458089
-0.0483171
-0.0508083
-0.0532815
-0.0557356
-0.0581698
-0.0605832
-0.062975
-0.0653445
-0.0676912
-0.0700144
-0.0723136
-0.0745891
-0.0768399
-0.0790713
-0.0812882
-0.03766
-0.0403734
-0.0430732
-0.0457587
-0.0484289
-0.0510829
-0.0537195
-0.0563378
-0.0589367
-0.0615155
-0.0640734
-0.0666097
-0.0691239
-0.0716153
-0.0740836
-0.0765283
-0.0789498
-0.0813474
-0.0837276
-0.0860973
-0.0399198
-0.0427949
-0.0456565
-0.0485034
-0.0513342
-0.0541481
-0.0569441
-0.0597212
-0.0624787
-0.0652159
-0.0679321
-0.0706268
-0.0732994
-0.0759496
-0.078577
-0.0811813
-0.0837631
-0.0863221
-0.088866
-0.0914044
-0.042407
-0.0454611
-0.0485001
-0.0515232
-0.0545292
-0.0575173
-0.0604866
-0.0634365
-0.0663663
-0.0692755
-0.0721634
-0.0750298
-0.0778743
-0.0806964
-0.0834964
-0.0862736
-0.0890293
-0.0917632
-0.094485
-0.0972074
-0.0451363
-0.0483852
-0.0516169
-0.0548308
-0.0580262
-0.0612024
-0.0643588
-0.0674948
-0.0706099
-0.0737039
-0.0767763
-0.0798269
-0.0828556
-0.0858622
-0.0888469
-0.0918094
-0.0947513
-0.0976727
-0.100585
-0.103506
-0.048124
-0.0515829
-0.055022
-0.058441
-0.0618397
-0.0652175
-0.0685739
-0.0719086
-0.0752215
-0.0785123
-0.081781
-0.0850275
-0.0882519
-0.0914542
-0.0946348
-0.0977937
-0.100933
-0.104053
-0.107167
-0.1103
-0.051386
-0.0550705
-0.0587318
-0.0623702
-0.0659857
-0.0695781
-0.0731471
-0.0766926
-0.0802148
-0.0837138
-0.0871896
-0.0906425
-0.0940729
-0.0974809
-0.100867
-0.104232
-0.107578
-0.110906
-0.114232
-0.117587
-0.0549438
-0.0588695
-0.0627675
-0.066639
-0.0704845
-0.0743038
-0.0780971
-0.0818646
-0.0856066
-0.0893236
-0.093016
-0.0966844
-0.100329
-0.103951
-0.107551
-0.11113
-0.114689
-0.118232
-0.121778
-0.125365
-0.0588187
-0.0630014
-0.0671508
-0.0712691
-0.075357
-0.0794149
-0.0834432
-0.0874424
-0.0914135
-0.0953572
-0.0992743
-0.103165
-0.107031
-0.110873
-0.114692
-0.118489
-0.122267
-0.12603
-0.1298
-0.133626
-0.0630395
-0.0674937
-0.0719084
-0.0762861
-0.0806279
-0.0849346
-0.089207
-0.0934463
-0.0976536
-0.10183
-0.105977
-0.110096
-0.114188
-0.118254
-0.122295
-0.126312
-0.130309
-0.134291
-0.138287
-0.142354
-0.067641
-0.0723798
-0.0770721
-0.08172
-0.086325
-0.0908886
-0.0954124
-0.0998978
-0.104346
-0.10876
-0.113139
-0.117487
-0.121804
-0.126094
-0.130357
-0.134595
-0.138811
-0.14301
-0.147227
-0.151532
-0.0726487
-0.0776862
-0.0826681
-0.0875963
-0.0924727
-0.0972998
-0.10208
-0.106815
-0.111508
-0.11616
-0.120773
-0.125349
-0.129888
-0.134395
-0.138871
-0.143321
-0.147749
-0.152163
-0.156596
-0.161135
-0.0780928
-0.0834438
-0.0887268
-0.0939444
-0.0990992
-0.104194
-0.109233
-0.114217
-0.119151
-0.124038
-0.12888
-0.133682
-0.138441
-0.143164
-0.147844
-0.152492
-0.157107
-0.161717
-0.166352
-0.171124
-0.0840182
-0.0896947
-0.0952875
-0.100801
-0.106237
-0.111602
-0.116898
-0.122129
-0.127297
-0.132408
-0.137463
-0.142471
-0.147432
-0.152361
-0.157242
-0.162098
-0.166892
-0.171686
-0.176478
-0.181476
-0.0904685
-0.0964807
-0.102389
-0.1082
-0.113917
-0.119546
-0.125092
-0.130562
-0.135959
-0.141288
-0.146545
-0.151743
-0.15687
-0.161962
-0.16699
-0.172033
-0.176995
-0.182019
-0.186952
-0.192208
-0.0974935
-0.10385
-0.110077
-0.116182
-0.122172
-0.128053
-0.133833
-0.13952
-0.14512
-0.150645
-0.156095
-0.161484
-0.166784
-0.172038
-0.177167
-0.182326
-0.187336
-0.192569
-0.197597
-0.203247
-0.105154
-0.111857
-0.118401
-0.124794
-0.131044
-0.137161
-0.143151
-0.149023
-0.154785
-0.160452
-0.166029
-0.171551
-0.176996
-0.182436
-0.187728
-0.193084
-0.198107
-0.203498
-0.208392
-0.214545
-0.113501
-0.120552
-0.127404
-0.134071
-0.140563
-0.146893
-0.153069
-0.159102
-0.164996
-0.170763
-0.176401
-0.181947
-0.187384
-0.192842
-0.198186
-0.203763
-0.208947
-0.214754
-0.219471
-0.226269
-0.122601
-0.129992
-0.137137
-0.14405
-0.150748
-0.157247
-0.163563
-0.169711
-0.175704
-0.181555
-0.187258
-0.192831
-0.198232
-0.203563
-0.208687
-0.214084
-0.219106
-0.225303
-0.230011
-0.238015
-0.132544
-0.14027
-0.147684
-0.154805
-0.161652
-0.168247
-0.17461
-0.180768
-0.186745
-0.192573
-0.19827
-0.203868
-0.209339
-0.214734
-0.219863
-0.225078
-0.229665
-0.235543
-0.239624
-0.248987
-0.143439
-0.1515
-0.159167
-0.16646
-0.173403
-0.180016
-0.186322
-0.192348
-0.198124
-0.203691
-0.209094
-0.214398
-0.219657
-0.224967
-0.230274
-0.235803
-0.240862
-0.246886
-0.250419
-0.260396
-0.155279
-0.163691
-0.171616
-0.179077
-0.186093
-0.192684
-0.198871
-0.204675
-0.21012
-0.215235
-0.220058
-0.224649
-0.22909
-0.233517
-0.23807
-0.243062
-0.248394
-0.255108
-0.260298
-0.271551
-0.168121
-0.176824
-0.184939
-0.192488
-0.199493
-0.205979
-0.21197
-0.217492
-0.222567
-0.227217
-0.231467
-0.23535
-0.238914
-0.242241
-0.245454
-0.248765
-0.25241
-0.257132
-0.262469
-0.273662
-0.0655301
-0.06938
-0.0732854
-0.0772137
-0.0811318
-0.0850135
-0.0888227
-0.0925268
-0.0960733
-0.0994181
-0.102491
-0.105238
-0.107572
-0.109434
-0.110713
-0.111349
-0.111207
-0.110235
-0.10828
-0.105306
-0.101143
-0.095796
-0.0890975
-0.0811281
-0.0717389
-0.0611315
-0.0491919
-0.0362764
-0.0222903
-0.0076988
-0.0663819
-0.0702796
-0.0742226
-0.0781813
-0.0821268
-0.0860354
-0.0898707
-0.0935987
-0.0971655
-0.100527
-0.103611
-0.106366
-0.108701
-0.110561
-0.111832
-0.112456
-0.112294
-0.111298
-0.109307
-0.106292
-0.102074
-0.0966661
-0.0898899
-0.0818371
-0.0723468
-0.0616373
-0.0495799
-0.0365553
-0.0224479
-0.00775701
-0.0679524
-0.0719537
-0.0759719
-0.0799891
-0.0839873
-0.0879474
-0.0918323
-0.0956056
-0.0992106
-0.102602
-0.105707
-0.108475
-0.110815
-0.11267
-0.113926
-0.114526
-0.114329
-0.113285
-0.111231
-0.108136
-0.103819
-0.0982938
-0.0913753
-0.0831626
-0.0734869
-0.0625812
-0.0503083
-0.0370735
-0.0227471
-0.00786175
-0.0701954
-0.0743405
-0.0784637
-0.082562
-0.0866325
-0.0906632
-0.0946156
-0.0984501
-0.102106
-0.105537
-0.108669
-0.111453
-0.113796
-0.115644
-0.116878
-0.117444
-0.117196
-0.116085
-0.113941
-0.110736
-0.106279
-0.100589
-0.09347
-0.0850304
-0.0750927
-0.0639081
-0.0513318
-0.0377988
-0.0231672
-0.00800566
-0.0730577
-0.0773834
-0.0816358
-0.0858321
-0.0899898
-0.0941051
-0.0981383
-0.102045
-0.10576
-0.109236
-0.112398
-0.115198
-0.117543
-0.119378
-0.120584
-0.121106
-0.120794
-0.119599
-0.117345
-0.114002
-0.109371
-0.103474
-0.096103
-0.0873765
-0.0771075
-0.0655692
-0.0526103
-0.0387016
-0.0236888
-0.0081824
-0.0765025
-0.0810413
-0.0854418
-0.0897479
-0.0940021
-0.0982112
-0.102333
-0.106319
-0.110097
-0.113619
-0.11681
-0.119624
-0.121966
-0.123783
-0.124954
-0.125424
-0.125037
-0.123745
-0.121362
-0.117859
-0.113025
-0.106883
-0.0992143
-0.0901464
-0.0794822
-0.0675219
-0.0541078
-0.0397545
-0.0242942
-0.00838619
-0.0805059
-0.0852851
-0.0898471
-0.0942687
-0.0986233
-0.10293
-0.107144
-0.111209
-0.11505
-0.118615
-0.121831
-0.124652
-0.126986
-0.12878
-0.129909
-0.130319
-0.129849
-0.128449
-0.125923
-0.122241
-0.117179
-0.110761
-0.102752
-0.0932927
-0.0821741
-0.069728
-0.0557919
-0.0409321
-0.024967
-0.00861147
-0.0850495
-0.0900925
-0.0948234
-0.09936
-0.103813
-0.108215
-0.112519
-0.11666
-0.120557
-0.124158
-0.127391
-0.130213
-0.132531
-0.134295
-0.135376
-0.135719
-0.13516
-0.133644
-0.130965
-0.127092
-0.121781
-0.115059
-0.106673
-0.0967747
-0.0851454
-0.0721534
-0.057633
-0.0422111
-0.0256919
-0.00885285
-0.0901226
-0.0954479
-0.100348
-0.104993
-0.109535
-0.114026
-0.118412
-0.12262
-0.126562
-0.130189
-0.133427
-0.13624
-0.138534
-0.140261
-0.141288
-0.141561
-0.140907
-0.139272
-0.136434
-0.132359
-0.126784
-0.119735
-0.110937
-0.100557
-0.0883628
-0.0747673
-0.0596036
-0.0435695
-0.0264542
-0.0091051
-0.095718
-0.101339
-0.106402
-0.111139
-0.115757
-0.120322
-0.124778
-0.129039
-0.133012
-0.136648
-0.139879
-0.142671
-0.144932
-0.146614
-0.147583
-0.147783
-0.147034
-0.145278
-0.14228
-0.137998
-0.132148
-0.124752
-0.115511
-0.104607
-0.0917967
-0.0775417
-0.0616782
-0.0449863
-0.0272398
-0.00936318
-0.101832
-0.107755
-0.112967
-0.117774
-0.122444
-0.127066
-0.131572
-0.135867
-0.139853
-0.143481
-0.146688
-0.149447
-0.151664
-0.153295
-0.154202
-0.154329
-0.153487
-0.151614
-0.148458
-0.143969
-0.137838
-0.130078
-0.120367
-0.108899
-0.0954207
-0.0804505
-0.0638333
-0.0464417
-0.0280352
-0.00962215
-0.108462
-0.114688
-0.120024
-0.124869
-0.129564
-0.134216
-0.138751
-0.143057
-0.147032
-0.150631
-0.153797
-0.156508
-0.158673
-0.160248
-0.161091
-0.161146
-0.160216
-0.158234
-0.154927
-0.150236
-0.143821
-0.135685
-0.125479
-0.113408
-0.0992113
-0.0834699
-0.0660465
-0.0479164
-0.0288274
-0.00987708
-0.115606
-0.122126
-0.127553
-0.132395
-0.137078
-0.141732
-0.146268
-0.15056
-0.154498
-0.158045
-0.161151
-0.163801
-0.165904
-0.167417
-0.168197
-0.168184
-0.167175
-0.165094
-0.16165
-0.156765
-0.15007
-0.14155
-0.130827
-0.118111
-0.103148
-0.0865772
-0.0682974
-0.0493916
-0.0296042
-0.010123
-0.123258
-0.130056
-0.135527
-0.140317
-0.144948
-0.14957
-0.154076
-0.158324
-0.162197
-0.165669
-0.168696
-0.17127
-0.173303
-0.174751
-0.175469
-0.175396
-0.174321
-0.172156
-0.168593
-0.163527
-0.156561
-0.147649
-0.136391
-0.122991
-0.107211
-0.0897509
-0.0705671
-0.0508488
-0.030354
-0.0103545
-0.131413
-0.138459
-0.143918
-0.148598
-0.15313
-0.157683
-0.162128
-0.166299
-0.170079
-0.173449
-0.17638
-0.178866
-0.180821
-0.182202
-0.182862
-0.182738
-0.181612
-0.179383
-0.175723
-0.170495
-0.163273
-0.153965
-0.142156
-0.128029
-0.111386
-0.0929702
-0.0728388
-0.0522692
-0.0310668
-0.0105659
-0.140056
-0.14731
-0.152687
-0.157192
-0.161575
-0.166023
-0.170373
-0.174434
-0.17809
-0.181336
-0.184152
-0.18654
-0.188411
-0.189723
-0.19033
-0.190167
-0.189011
-0.186741
-0.183012
-0.177644
-0.170185
-0.16048
-0.14811
-0.13321
-0.115658
-0.0962147
-0.0750982
-0.0536339
-0.0317341
-0.0107503
-0.14917
-0.156576
-0.16179
-0.166046
-0.170232
-0.174539
-0.17876
-0.182679
-0.186181
-0.18928
-0.191967
-0.194245
-0.196027
-0.19727
-0.197832
-0.197645
-0.196482
-0.194198
-0.190432
-0.184951
-0.177281
-0.16718
-0.154241
-0.138517
-0.120016
-0.0994639
-0.0773331
-0.0549227
-0.0323497
-0.0108993
-0.158726
-0.166215
-0.17117
-0.175104
-0.179046
-0.18318
-0.18724
-0.190982
-0.194302
-0.197236
-0.19978
-0.201941
-0.203628
-0.204804
-0.205327
-0.205133
-0.203987
-0.20172
-0.197953
-0.192393
-0.184542
-0.174048
-0.160536
-0.143936
-0.124449
-0.102697
-0.0795339
-0.0561141
-0.0329104
-0.0110031
-0.168694
-0.176174
-0.180762
-0.184301
-0.187963
-0.191897
-0.195761
-0.199293
-0.202407
-0.205159
-0.207549
-0.209585
-0.211171
-0.212282
-0.212774
-0.212591
-0.211485
-0.20927
-0.20554
-0.19994
-0.191942
-0.181064
-0.166978
-0.149448
-0.128943
-0.10589
-0.0816928
-0.0571853
-0.0334159
-0.0110491
-0.179025
-0.186379
-0.190485
-0.193568
-0.196928
-0.200638
-0.204272
-0.207561
-0.210447
-0.213006
-0.215231
-0.217134
-0.218611
-0.219658
-0.220123
-0.21997
-0.218925
-0.2168
-0.213145
-0.207553
-0.199441
-0.188197
-0.173539
-0.155027
-0.13348
-0.10902
-0.0838021
-0.0581114
-0.0338694
-0.0110226
-0.18966
-0.19673
-0.200238
-0.202834
-0.205886
-0.209345
-0.212709
-0.215728
-0.21837
-0.220724
-0.222771
-0.22453
-0.22589
-0.226871
-0.227311
-0.227204
-0.226234
-0.224239
-0.220696
-0.215166
-0.206975
-0.195394
-0.180169
-0.160634
-0.138029
-0.112054
-0.0858524
-0.0588666
-0.0342766
-0.010907
-0.200514
-0.207081
-0.209903
-0.212025
-0.214774
-0.217946
-0.220997
-0.223721
-0.226106
-0.228243
-0.230095
-0.231695
-0.232923
-0.233834
-0.234245
-0.234197
-0.233312
-0.231487
-0.228087
-0.222682
-0.214444
-0.202576
-0.186791
-0.166214
-0.142544
-0.114958
-0.0878304
-0.0594259
-0.0346441
-0.0106846
-0.211424
-0.217217
-0.219336
-0.221056
-0.223504
-0.226332
-0.229029
-0.231441
-0.233556
-0.235457
-0.237095
-0.238516
-0.239597
-0.240426
-0.240798
-0.240815
-0.240021
-0.238407
-0.235176
-0.229968
-0.221713
-0.20963
-0.193292
-0.171689
-0.146958
-0.117689
-0.0897157
-0.0597666
-0.0349775
-0.0103386
-0.222086
-0.226828
-0.228372
-0.229817
-0.231936
-0.234352
-0.236662
-0.23875
-0.240579
-0.242222
-0.243622
-0.244846
-0.245761
-0.246497
-0.246817
-0.246898
-0.246203
-0.244837
-0.241796
-0.23686
-0.228616
-0.216414
-0.199536
-0.176966
-0.151188
-0.120205
-0.0914801
-0.0598718
-0.0352797
-0.00985578
-0.232097
-0.235545
-0.236834
-0.238143
-0.239859
-0.241799
-0.243712
-0.245467
-0.246993
-0.248358
-0.249504
-0.250514
-0.251251
-0.251887
-0.252156
-0.252289
-0.251706
-0.250615
-0.247786
-0.243193
-0.234984
-0.222779
-0.205372
-0.181944
-0.155138
-0.122464
-0.0930889
-0.0597329
-0.0355488
-0.00922933
-0.240841
-0.243032
-0.244556
-0.245791
-0.247001
-0.24844
-0.249968
-0.251388
-0.252602
-0.253682
-0.254573
-0.255366
-0.255928
-0.25646
-0.25668
-0.25688
-0.256418
-0.255621
-0.25302
-0.248829
-0.240679
-0.22859
-0.210666
-0.186529
-0.158717
-0.124432
-0.0945046
-0.059352
-0.0357784
-0.00845987
-0.247477
-0.249079
-0.251372
-0.252459
-0.253087
-0.254064
-0.255241
-0.256336
-0.257253
-0.258067
-0.258724
-0.259318
-0.259725
-0.260162
-0.260345
-0.26063
-0.260301
-0.259802
-0.257443
-0.25369
-0.245617
-0.23375
-0.215321
-0.190646
-0.161847
-0.126086
-0.095692
-0.0587424
-0.0359575
-0.00755612
-0.251861
-0.253756
-0.257081
-0.257853
-0.257949
-0.258564
-0.259434
-0.26024
-0.260905
-0.261498
-0.261963
-0.262393
-0.262677
-0.263041
-0.263213
-0.263584
-0.263396
-0.263188
-0.261079
-0.257775
-0.249795
-0.238229
-0.219306
-0.194261
-0.164491
-0.127425
-0.0966271
-0.0579313
-0.0360737
-0.00653481
-0.254795
-0.257408
-0.261367
-0.261791
-0.261591
-0.261975
-0.262592
-0.263167
-0.263644
-0.264072
-0.264395
-0.264704
-0.264904
-0.265218
-0.265399
-0.265852
-0.265805
-0.265869
-0.26401
-0.261138
-0.25326
-0.24204
-0.222636
-0.197374
-0.166642
-0.128463
-0.0973004
-0.0569538
-0.0361166
-0.00541882
-0.257672
-0.260746
-0.264163
-0.264386
-0.264144
-0.264396
-0.264822
-0.26523
-0.265578
-0.265892
-0.266119
-0.266349
-0.266499
-0.266811
-0.266999
-0.267517
-0.267592
-0.267883
-0.266233
-0.263731
-0.255924
-0.245043
-0.225168
-0.19982
-0.168181
-0.129101
-0.0976465
-0.0557893
-0.0360613
-0.004222
-0.271222
-0.266053
-0.265866
-0.265732
-0.265427
-0.26559
-0.265913
-0.266236
-0.266514
-0.266767
-0.26694
-0.267127
-0.267245
-0.267526
-0.267746
-0.268345
-0.268486
-0.268904
-0.267335
-0.265038
-0.257206
-0.246555
-0.226315
-0.200997
-0.168739
-0.129111
-0.09756
-0.0545752
-0.0358941
-0.00312103
-0.272426
-0.268135
-0.266975
-0.266876
-0.266612
-0.266717
-0.266957
-0.2672
-0.267407
-0.267594
-0.267714
-0.267858
-0.267956
-0.268236
-0.268478
-0.269101
-0.269296
-0.269774
-0.268241
-0.265978
-0.258019
-0.247351
-0.22666
-0.201282
-0.168426
-0.128537
-0.0969211
-0.053303
-0.0355274
-0.00215588
-0.2721
-0.268602
-0.267467
-0.267528
-0.267374
-0.267493
-0.267708
-0.267916
-0.26809
-0.268242
-0.268337
-0.268463
-0.268564
-0.268859
-0.269139
-0.2698
-0.270057
-0.270564
-0.269046
-0.266742
-0.258618
-0.247827
-0.226638
-0.201158
-0.167655
-0.127625
-0.0959224
-0.051866
-0.0350019
-0.00115676
-0.27216
-0.268794
-0.267798
-0.267967
-0.267906
-0.268043
-0.268246
-0.268435
-0.26859
-0.268723
-0.268808
-0.268928
-0.269044
-0.269358
-0.269679
-0.270373
-0.270687
-0.271209
-0.269694
-0.26733
-0.259048
-0.248124
-0.226476
-0.200908
-0.166793
-0.12666
-0.0948632
-0.0504122
-0.0344334
-0.000146723
-0.271966
-0.268764
-0.268045
-0.268288
-0.268302
-0.268458
-0.268655
-0.268832
-0.268975
-0.269095
-0.269177
-0.269298
-0.269432
-0.269766
-0.270128
-0.27085
-0.271205
-0.271726
-0.270196
-0.267748
-0.259305
-0.248231
-0.226159
-0.200515
-0.165831
-0.125638
-0.0937542
-0.0489484
-0.0338315
0.00087272
-0.271626
-0.268609
-0.268215
-0.2685
-0.268575
-0.268753
-0.268951
-0.269124
-0.269262
-0.269378
-0.269463
-0.269592
-0.269747
-0.270103
-0.270502
-0.271246
-0.271628
-0.272129
-0.270562
-0.267999
-0.259388
-0.248133
-0.225664
-0.199945
-0.164735
-0.124527
-0.0925659
-0.0474671
-0.0331843
0.00190018
-0.271235
-0.268427
-0.268327
-0.26862
-0.268744
-0.268943
-0.269146
-0.269322
-0.269462
-0.26958
-0.269675
-0.269817
-0.269997
-0.270376
-0.270809
-0.271563
-0.271959
-0.272421
-0.270796
-0.268088
-0.259297
-0.247834
-0.224998
-0.1992
-0.163511
-0.123333
-0.0913
-0.0459779
-0.0324906
0.00293022
-0.270821
-0.268249
-0.268391
-0.268665
-0.268828
-0.269046
-0.269257
-0.269439
-0.269587
-0.269713
-0.269823
-0.269982
-0.270189
-0.270589
-0.271051
-0.271807
-0.2722
-0.272578
-0.270897
-0.268018
-0.25904
-0.247345
-0.224176
-0.198294
-0.16218
-0.12207
-0.0899723
-0.0444969
-0.031756
0.0039557
-0.270409
-0.268063
-0.268406
-0.268648
-0.268841
-0.269075
-0.269296
-0.269488
-0.269647
-0.269787
-0.269915
-0.270094
-0.270329
-0.270749
-0.271232
-0.271979
-0.272356
-0.272655
-0.270877
-0.267797
-0.258625
-0.246677
-0.223213
-0.19724
-0.160765
-0.120754
-0.0885998
-0.0430405
-0.0309876
0.00496888
-0.270069
-0.267831
-0.268375
-0.268575
-0.268796
-0.269044
-0.269276
-0.26948
-0.269653
-0.269809
-0.26996
-0.27016
-0.270422
-0.270858
-0.271356
-0.272082
-0.272428
-0.272628
-0.27075
-0.26744
-0.258063
-0.245851
-0.222129
-0.196058
-0.159287
-0.1194
-0.0872006
-0.041625
-0.0301939
0.00596131
-0.26984
-0.267569
-0.268286
-0.268458
-0.268702
-0.268962
-0.269206
-0.269424
-0.269614
-0.269789
-0.269962
-0.270185
-0.270472
-0.270919
-0.271426
-0.27212
-0.272422
-0.272503
-0.270436
-0.266966
-0.257368
-0.244895
-0.220943
-0.194773
-0.157775
-0.118029
-0.0857955
-0.0402672
-0.0293855
0.00692358
-0.268998
-0.267536
-0.268117
-0.268306
-0.268569
-0.26884
-0.269097
-0.26933
-0.269538
-0.269733
-0.269929
-0.270174
-0.270483
-0.270938
-0.271445
-0.272099
-0.272346
-0.272293
-0.270108
-0.266366
-0.256585
-0.243843
-0.219682
-0.193417
-0.156258
-0.116664
-0.0844076
-0.0389847
-0.0285752
0.00784525
-0.268344
-0.267429
-0.267918
-0.268127
-0.268408
-0.26869
-0.26896
-0.269208
-0.269434
-0.269649
-0.269867
-0.270132
-0.27046
-0.270919
-0.27142
-0.272026
-0.272208
-0.272014
-0.269692
-0.265696
-0.255728
-0.242686
-0.218424
-0.19203
-0.154771
-0.115328
-0.0830623
-0.0377947
-0.0277786
0.00871488
-0.267825
-0.267259
-0.2677
-0.267932
-0.268228
-0.268521
-0.268804
-0.269068
-0.269312
-0.269545
-0.269785
-0.270068
-0.27041
-0.270869
-0.271358
-0.271911
-0.272023
-0.271686
-0.26922
-0.26498
-0.254832
-0.24152
-0.217162
-0.190638
-0.153364
-0.114051
-0.0817873
-0.0367147
-0.0270135
0.00952004
-0.267366
-0.267063
-0.267476
-0.267732
-0.268042
-0.268347
-0.268643
-0.26892
-0.26918
-0.269431
-0.269689
-0.269988
-0.270342
-0.270796
-0.271269
-0.271768
-0.271808
-0.271331
-0.268727
-0.264255
-0.253941
-0.240386
-0.215948
-0.189306
-0.152056
-0.112865
-0.0806141
-0.0357613
-0.0263003
0.0102474
-0.26696
-0.266861
-0.26726
-0.267539
-0.267863
-0.268178
-0.268485
-0.268775
-0.269049
-0.269316
-0.26959
-0.269901
-0.270263
-0.270712
-0.271167
-0.271613
-0.271584
-0.270977
-0.268246
-0.263561
-0.253102
-0.239329
-0.214836
-0.18809
-0.150885
-0.111802
-0.0795701
-0.0349507
-0.0256605
0.0108833
-0.266618
-0.266673
-0.267066
-0.267367
-0.267702
-0.268027
-0.268343
-0.268644
-0.26893
-0.269209
-0.269496
-0.269817
-0.270185
-0.270627
-0.271063
-0.271462
-0.271371
-0.270651
-0.267811
-0.262951
-0.252359
-0.238403
-0.213874
-0.187037
-0.149896
-0.110915
-0.0786643
-0.0342955
-0.0251163
0.0114136
-0.266348
-0.266515
-0.266908
-0.267226
-0.26757
-0.267903
-0.268227
-0.268536
-0.268831
-0.26912
-0.269417
-0.269744
-0.270116
-0.270551
-0.270972
-0.271332
-0.27119
-0.270378
-0.267451
-0.262394
-0.251755
-0.237657
-0.213107
-0.186196
-0.149121
-0.110208
-0.0779556
-0.0338009
-0.0246883
0.0118253
-0.266162
-0.266401
-0.266796
-0.267126
-0.267477
-0.267815
-0.268145
-0.268459
-0.268761
-0.269056
-0.269359
-0.269691
-0.270065
-0.270495
-0.270904
-0.271236
-0.271058
-0.270182
-0.267195
-0.26206
-0.251331
-0.237134
-0.212572
-0.18561
-0.148587
-0.109714
-0.0774568
-0.0334817
-0.0243931
0.0121069
-0.266066
-0.266342
-0.266738
-0.267075
-0.267429
-0.267769
-0.268102
-0.26842
-0.268724
-0.269023
-0.269329
-0.269663
-0.270037
-0.270465
-0.270867
-0.271185
-0.270988
-0.27008
-0.267061
-0.261877
-0.251111
-0.236864
-0.212297
-0.185308
-0.148314
-0.109462
-0.0771979
-0.0333234
-0.0242419
0.0122499
)
;

boundaryField
{
    inlet
    {
        type            zeroGradient;
    }
    outlet
    {
        type            fixedValue;
        value           uniform 0;
    }
    cylinder
    {
        type            zeroGradient;
    }
    top
    {
        type            symmetryPlane;
    }
    bottom
    {
        type            symmetryPlane;
    }
    defaultFaces
    {
        type            empty;
    }
}


// ************************************************************************* //
