/*--------------------------------*- C++ -*----------------------------------*\
  =========                 |
  \\      /  F ield         | OpenFOAM: The Open Source CFD Toolbox
   \\    /   O peration     | Website:  https://openfoam.org
    \\  /    A nd           | Version:  7
     \\/     M anipulation  |
\*---------------------------------------------------------------------------*/
FoamFile
{
    version     2.0;
    format      ascii;
    class       volScalarField;
    location    "5";
    object      p;
}
// * * * * * * * * * * * * * * * * * * * * * * * * * * * * * * * * * * * * * //

dimensions      [0 2 -2 0 0 0 0];

internalField   nonuniform List<scalar> 
8500
(
-0.336104
-0.342818
-0.346384
-0.350723
-0.356596
-0.364352
-0.374204
-0.386181
-0.400129
-0.416243
-0.33721
-0.343692
-0.34719
-0.351494
-0.357349
-0.365102
-0.374966
-0.38698
-0.400954
-0.417079
-0.339347
-0.345377
-0.348741
-0.352969
-0.35878
-0.366517
-0.376392
-0.388461
-0.402475
-0.418575
-0.342374
-0.347755
-0.350918
-0.355023
-0.360753
-0.368442
-0.3783
-0.390408
-0.404453
-0.420409
-0.346096
-0.350668
-0.353563
-0.357487
-0.36308
-0.370668
-0.380447
-0.392534
-0.406581
-0.422168
-0.350288
-0.353934
-0.356496
-0.360172
-0.365553
-0.372958
-0.382565
-0.394517
-0.408531
-0.423406
-0.354715
-0.357369
-0.359536
-0.362887
-0.367962
-0.375078
-0.384388
-0.396042
-0.409997
-0.423692
-0.359153
-0.360801
-0.362521
-0.365461
-0.370121
-0.376819
-0.385688
-0.396833
-0.41072
-0.422738
-0.36341
-0.364089
-0.365318
-0.367762
-0.371887
-0.378024
-0.386298
-0.396694
-0.410387
-0.420918
-0.367328
-0.367131
-0.367841
-0.369705
-0.373173
-0.378599
-0.386131
-0.395711
-0.408674
-0.417986
-0.370811
-0.369868
-0.370042
-0.371257
-0.373956
-0.378531
-0.385174
-0.393752
-0.406008
-0.413734
-0.373814
-0.372279
-0.371921
-0.372433
-0.37427
-0.377877
-0.383515
-0.390948
-0.40255
-0.408405
-0.376343
-0.374385
-0.373513
-0.37329
-0.374202
-0.376759
-0.381317
-0.387532
-0.398522
-0.402342
-0.378456
-0.376237
-0.374881
-0.373917
-0.373874
-0.375344
-0.378797
-0.383792
-0.394236
-0.395917
-0.38025
-0.377912
-0.37611
-0.374421
-0.373435
-0.373831
-0.376193
-0.380052
-0.389992
-0.389586
-0.381862
-0.37951
-0.3773
-0.374924
-0.373042
-0.372423
-0.373745
-0.376638
-0.385967
-0.383824
-0.383452
-0.381145
-0.378562
-0.375552
-0.372851
-0.371314
-0.371665
-0.373846
-0.382145
-0.378978
-0.385193
-0.38294
-0.380012
-0.37643
-0.373007
-0.370672
-0.370131
-0.371894
-0.3784
-0.375127
-0.387261
-0.385017
-0.381764
-0.377675
-0.373633
-0.370623
-0.369279
-0.370843
-0.37474
-0.372754
-0.389819
-0.387493
-0.383922
-0.379383
-0.374817
-0.37124
-0.369175
-0.370492
-0.371504
-0.37399
-0.392997
-0.390469
-0.38657
-0.381626
-0.37661
-0.372533
-0.36981
-0.370463
-0.36915
-0.379082
-0.396889
-0.394029
-0.38977
-0.384444
-0.379021
-0.374466
-0.371094
-0.370581
-0.367898
-0.37386
-0.401568
-0.39822
-0.393559
-0.387849
-0.382031
-0.37697
-0.372868
-0.37089
-0.366655
-0.367792
-0.407072
-0.403073
-0.397957
-0.391839
-0.385602
-0.379963
-0.37498
-0.371343
-0.365232
-0.362273
-0.413411
-0.408605
-0.402974
-0.396407
-0.389693
-0.383364
-0.377311
-0.371804
-0.363606
-0.35693
-0.42058
-0.414827
-0.408621
-0.401547
-0.394263
-0.387096
-0.379749
-0.372153
-0.361676
-0.351817
-0.428565
-0.421746
-0.41491
-0.407258
-0.399279
-0.391083
-0.382175
-0.37227
-0.359422
-0.346772
-0.43735
-0.429368
-0.421854
-0.413537
-0.404702
-0.395239
-0.384462
-0.37206
-0.356821
-0.341722
-0.446911
-0.437694
-0.429459
-0.420369
-0.410481
-0.399454
-0.386485
-0.371449
-0.353863
-0.336586
-0.457212
-0.446711
-0.437715
-0.427717
-0.416535
-0.40359
-0.388125
-0.370379
-0.350536
-0.331301
-0.468201
-0.456389
-0.446582
-0.435515
-0.422741
-0.407492
-0.389275
-0.368803
-0.346822
-0.325809
-0.479798
-0.46667
-0.455988
-0.443655
-0.428935
-0.410997
-0.389841
-0.366681
-0.342696
-0.320053
-0.491892
-0.477461
-0.465821
-0.451985
-0.434916
-0.413943
-0.389733
-0.363968
-0.338121
-0.313976
-0.504333
-0.488628
-0.475926
-0.460301
-0.440459
-0.416171
-0.388872
-0.360619
-0.333052
-0.30752
-0.516933
-0.499997
-0.486103
-0.468356
-0.445333
-0.417534
-0.387175
-0.35658
-0.327438
-0.300626
-0.529464
-0.511352
-0.496108
-0.47587
-0.449306
-0.417892
-0.384563
-0.351794
-0.321221
-0.293237
-0.541658
-0.522434
-0.505655
-0.48254
-0.452156
-0.417111
-0.380956
-0.346197
-0.31434
-0.285296
-0.553216
-0.532952
-0.514425
-0.488061
-0.453673
-0.415068
-0.376273
-0.339724
-0.306732
-0.276749
-0.563808
-0.542585
-0.522073
-0.492136
-0.453662
-0.411646
-0.370435
-0.332308
-0.298336
-0.267549
-0.573088
-0.550989
-0.528246
-0.494481
-0.451949
-0.40674
-0.363366
-0.323884
-0.289094
-0.257656
-0.580697
-0.557807
-0.532591
-0.49484
-0.448378
-0.40025
-0.354993
-0.314389
-0.278956
-0.247037
-0.586277
-0.562682
-0.534778
-0.492984
-0.442813
-0.392091
-0.345248
-0.303764
-0.26788
-0.235669
-0.589481
-0.565261
-0.534502
-0.488716
-0.435141
-0.382186
-0.334069
-0.291957
-0.255829
-0.223533
-0.58998
-0.565214
-0.531499
-0.481875
-0.425271
-0.370476
-0.321406
-0.278919
-0.242758
-0.210568
-0.587477
-0.562242
-0.525548
-0.47234
-0.413139
-0.356917
-0.307224
-0.264617
-0.228605
-0.196603
-0.58171
-0.556084
-0.516477
-0.460024
-0.398703
-0.341483
-0.291505
-0.249039
-0.213331
-0.181399
-0.572465
-0.546532
-0.50416
-0.44488
-0.381946
-0.324164
-0.274239
-0.232191
-0.196987
-0.164985
-0.559576
-0.533435
-0.488518
-0.426895
-0.362875
-0.304961
-0.255423
-0.214088
-0.179631
-0.148183
-0.542932
-0.516696
-0.469524
-0.406091
-0.341521
-0.283898
-0.235099
-0.194808
-0.161134
-0.130838
-0.522479
-0.496275
-0.447195
-0.382527
-0.317941
-0.261033
-0.213381
-0.17432
-0.141634
-0.112771
-0.498216
-0.472193
-0.421602
-0.356299
-0.292215
-0.236477
-0.190268
-0.152667
-0.121223
-0.0939617
-0.470199
-0.444527
-0.392891
-0.327518
-0.26443
-0.210288
-0.165828
-0.129929
-0.0999616
-0.0744667
-0.438535
-0.413422
-0.361268
-0.296257
-0.2347
-0.182559
-0.140154
-0.106192
-0.0779167
-0.0543747
-0.403393
-0.37909
-0.326843
-0.262602
-0.203213
-0.153423
-0.113357
-0.081551
-0.0551684
-0.033784
-0.365001
-0.341816
-0.289366
-0.227039
-0.170126
-0.123023
-0.0855605
-0.0561061
-0.0317971
-0.0127724
-0.32358
-0.301842
-0.249223
-0.189675
-0.135643
-0.0915237
-0.0568988
-0.0299577
-0.00787454
0.00858108
-0.279317
-0.258864
-0.207535
-0.150728
-0.0999554
-0.0590957
-0.0275082
-0.00319744
0.016495
0.030022
-0.232559
-0.213679
-0.164306
-0.110477
-0.0632708
-0.0259147
0.00248354
0.0240837
0.0410774
0.0509484
-0.183927
-0.166482
-0.119662
-0.0691885
-0.0258152
0.00783862
0.0329487
0.0517481
0.065509
0.0708297
-0.133571
-0.117794
-0.0738775
-0.0271313
0.012176
0.0419759
0.0637185
0.0795211
0.0894872
0.0905736
-0.0819014
-0.0680324
-0.0272899
0.015416
0.0504648
0.0762968
0.0945609
0.107011
0.11276
0.114147
-0.029352
-0.0175846
0.019744
0.0581651
0.0888102
0.110588
0.125233
0.134138
0.136546
0.137861
0.0236452
0.033156
0.0668654
0.100822
0.126966
0.144631
0.155571
0.160965
0.160519
0.160547
0.0766561
0.0837909
0.113717
0.14309
0.164682
0.178207
0.185414
0.187397
0.184304
0.18244
0.129247
0.13392
0.159948
0.184674
0.201709
0.211106
0.214602
0.213269
0.207572
0.203485
0.180989
0.183148
0.20521
0.225283
0.237801
0.243121
0.242967
0.238414
0.230139
0.223672
0.23146
0.231085
0.249169
0.264633
0.272717
0.274047
0.270335
0.262663
0.251848
0.242938
0.28025
0.277354
0.291496
0.302448
0.306224
0.303689
0.296539
0.285863
0.272572
0.261213
0.326963
0.321592
0.331879
0.338465
0.338098
0.331856
0.321413
0.307868
0.29219
0.278419
0.371221
0.363452
0.37002
0.372432
0.368126
0.358365
0.344803
0.328545
0.310592
0.294482
0.41267
0.40261
0.405641
0.404113
0.396107
0.383046
0.366563
0.347767
0.327673
0.309328
0.450975
0.438762
0.438479
0.433286
0.421852
0.405739
0.386555
0.365417
0.343338
0.322889
0.485831
0.471629
0.468297
0.45975
0.445191
0.426297
0.404654
0.38139
0.357495
0.335103
0.516959
0.500959
0.494877
0.483321
0.465965
0.444586
0.420748
0.395586
0.370066
0.345914
0.544113
0.526526
0.518026
0.503835
0.484037
0.460488
0.434736
0.407919
0.380977
0.355272
0.567077
0.548136
0.537578
0.521151
0.499286
0.473901
0.446529
0.418315
0.390166
0.363135
0.585669
0.565624
0.553391
0.535149
0.511609
0.484737
0.456053
0.426709
0.397582
0.369467
0.599742
0.578857
0.565352
0.545733
0.520923
0.492926
0.46325
0.43305
0.403181
0.374241
0.609187
0.587735
0.573373
0.55283
0.527168
0.498415
0.468072
0.437299
0.406931
0.377435
0.613928
0.592191
0.577399
0.55639
0.530301
0.501168
0.470491
0.43943
0.408812
0.379036
0.613928
0.592191
0.577399
0.55639
0.530301
0.501168
0.470491
0.43943
0.408812
0.379036
0.609187
0.587735
0.573373
0.55283
0.527168
0.498415
0.468072
0.437299
0.406931
0.377435
0.599742
0.578857
0.565352
0.545733
0.520923
0.492926
0.46325
0.43305
0.403181
0.374241
0.585669
0.565624
0.553391
0.535149
0.511609
0.484737
0.456053
0.426709
0.397582
0.369467
0.567077
0.548136
0.537578
0.521151
0.499286
0.473901
0.446529
0.418315
0.390166
0.363135
0.544113
0.526526
0.518026
0.503835
0.484037
0.460489
0.434736
0.407919
0.380977
0.355272
0.516959
0.500959
0.494877
0.483321
0.465965
0.444586
0.420748
0.395586
0.370066
0.345914
0.485831
0.47163
0.468297
0.45975
0.445191
0.426297
0.404654
0.38139
0.357495
0.335103
0.450975
0.438763
0.438479
0.433286
0.421852
0.405739
0.386555
0.365418
0.343338
0.322889
0.41267
0.40261
0.405641
0.404113
0.396107
0.383046
0.366563
0.347767
0.327674
0.309328
0.371221
0.363452
0.37002
0.372432
0.368126
0.358365
0.344803
0.328545
0.310592
0.294482
0.326963
0.321592
0.331879
0.338465
0.338098
0.331856
0.321413
0.307868
0.29219
0.278419
0.28025
0.277354
0.291496
0.302448
0.306224
0.303689
0.296539
0.285863
0.272572
0.261213
0.23146
0.231085
0.249169
0.264633
0.272717
0.274048
0.270336
0.262663
0.251848
0.242938
0.180989
0.183148
0.205211
0.225283
0.237801
0.243121
0.242967
0.238414
0.230139
0.223672
0.129247
0.13392
0.159948
0.184674
0.201709
0.211106
0.214602
0.213269
0.207572
0.203485
0.0766562
0.083791
0.113717
0.14309
0.164682
0.178207
0.185414
0.187397
0.184304
0.18244
0.0236452
0.0331561
0.0668654
0.100822
0.126966
0.144631
0.155571
0.160965
0.160519
0.160547
-0.0293519
-0.0175845
0.0197441
0.0581652
0.0888103
0.110588
0.125233
0.134138
0.136546
0.137861
-0.0819013
-0.0680323
-0.0272898
0.0154161
0.0504649
0.0762969
0.094561
0.107011
0.11276
0.114147
-0.133571
-0.117794
-0.0738774
-0.0271312
0.0121761
0.041976
0.0637185
0.0795212
0.0894872
0.0905737
-0.183927
-0.166482
-0.119662
-0.0691884
-0.0258152
0.00783869
0.0329487
0.0517482
0.0655091
0.0708298
-0.232559
-0.213679
-0.164306
-0.110477
-0.0632707
-0.0259147
0.00248361
0.0240838
0.0410775
0.0509484
-0.279317
-0.258864
-0.207535
-0.150728
-0.0999553
-0.0590956
-0.0275082
-0.00319737
0.0164951
0.0300221
-0.323579
-0.301842
-0.249223
-0.189675
-0.135643
-0.0915236
-0.0568987
-0.0299576
-0.00787447
0.00858115
-0.365001
-0.341816
-0.289366
-0.227038
-0.170126
-0.123023
-0.0855604
-0.0561061
-0.031797
-0.0127724
-0.403393
-0.37909
-0.326843
-0.262602
-0.203213
-0.153423
-0.113357
-0.0815509
-0.0551683
-0.0337839
-0.438534
-0.413422
-0.361268
-0.296257
-0.2347
-0.182559
-0.140154
-0.106192
-0.0779166
-0.0543746
-0.470198
-0.444527
-0.392891
-0.327518
-0.264429
-0.210288
-0.165828
-0.129929
-0.0999616
-0.0744666
-0.498216
-0.472192
-0.421602
-0.356298
-0.292215
-0.236476
-0.190268
-0.152667
-0.121223
-0.0939616
-0.522479
-0.496275
-0.447194
-0.382527
-0.317941
-0.261033
-0.213381
-0.17432
-0.141634
-0.112771
-0.542932
-0.516696
-0.469524
-0.406091
-0.341521
-0.283898
-0.235099
-0.194807
-0.161134
-0.130838
-0.559576
-0.533435
-0.488518
-0.426895
-0.362875
-0.304961
-0.255423
-0.214087
-0.179631
-0.148183
-0.572465
-0.546532
-0.504159
-0.44488
-0.381946
-0.324163
-0.274239
-0.232191
-0.196987
-0.164985
-0.58171
-0.556083
-0.516476
-0.460024
-0.398703
-0.341483
-0.291505
-0.249039
-0.213331
-0.181398
-0.587476
-0.562241
-0.525548
-0.47234
-0.413139
-0.356917
-0.307224
-0.264616
-0.228605
-0.196603
-0.58998
-0.565214
-0.531499
-0.481875
-0.425271
-0.370476
-0.321406
-0.278919
-0.242758
-0.210567
-0.589481
-0.565261
-0.534502
-0.488716
-0.435141
-0.382186
-0.334069
-0.291957
-0.255829
-0.223533
-0.586277
-0.562681
-0.534778
-0.492984
-0.442813
-0.39209
-0.345247
-0.303764
-0.26788
-0.235668
-0.580697
-0.557807
-0.532591
-0.49484
-0.448378
-0.40025
-0.354993
-0.314389
-0.278956
-0.247036
-0.573088
-0.550989
-0.528245
-0.494481
-0.451949
-0.40674
-0.363366
-0.323884
-0.289094
-0.257656
-0.563808
-0.542585
-0.522073
-0.492135
-0.453662
-0.411646
-0.370435
-0.332308
-0.298336
-0.267549
-0.553216
-0.532952
-0.514425
-0.488061
-0.453673
-0.415067
-0.376272
-0.339724
-0.306732
-0.276749
-0.541658
-0.522434
-0.505655
-0.48254
-0.452156
-0.417111
-0.380955
-0.346197
-0.31434
-0.285296
-0.529464
-0.511351
-0.496108
-0.475869
-0.449306
-0.417891
-0.384563
-0.351793
-0.321221
-0.293237
-0.516933
-0.499997
-0.486103
-0.468356
-0.445333
-0.417534
-0.387175
-0.35658
-0.327438
-0.300626
-0.504333
-0.488628
-0.475926
-0.460301
-0.440459
-0.416171
-0.388871
-0.360619
-0.333052
-0.30752
-0.491891
-0.477461
-0.465821
-0.451984
-0.434915
-0.413942
-0.389733
-0.363968
-0.338121
-0.313976
-0.479798
-0.46667
-0.455988
-0.443655
-0.428935
-0.410997
-0.38984
-0.36668
-0.342696
-0.320053
-0.468201
-0.456389
-0.446581
-0.435514
-0.422741
-0.407492
-0.389275
-0.368803
-0.346822
-0.325809
-0.457212
-0.446711
-0.437714
-0.427717
-0.416535
-0.40359
-0.388125
-0.370378
-0.350536
-0.331301
-0.44691
-0.437693
-0.429459
-0.420369
-0.410481
-0.399453
-0.386485
-0.371449
-0.353862
-0.336585
-0.43735
-0.429368
-0.421854
-0.413537
-0.404702
-0.395239
-0.384462
-0.37206
-0.356821
-0.341721
-0.428565
-0.421746
-0.41491
-0.407258
-0.399279
-0.391083
-0.382175
-0.37227
-0.359422
-0.346772
-0.420579
-0.414827
-0.408621
-0.401547
-0.394263
-0.387096
-0.379749
-0.372153
-0.361676
-0.351817
-0.41341
-0.408605
-0.402974
-0.396407
-0.389693
-0.383364
-0.377311
-0.371804
-0.363605
-0.356929
-0.407071
-0.403073
-0.397957
-0.391839
-0.385602
-0.379963
-0.37498
-0.371342
-0.365232
-0.362273
-0.401568
-0.39822
-0.393559
-0.387848
-0.382031
-0.37697
-0.372868
-0.37089
-0.366655
-0.367792
-0.396889
-0.394028
-0.38977
-0.384443
-0.379021
-0.374466
-0.371094
-0.370581
-0.367898
-0.37386
-0.392997
-0.390469
-0.38657
-0.381626
-0.376609
-0.372533
-0.36981
-0.370463
-0.36915
-0.379082
-0.389818
-0.387493
-0.383922
-0.379383
-0.374817
-0.371239
-0.369175
-0.370492
-0.371504
-0.37399
-0.387261
-0.385017
-0.381764
-0.377675
-0.373632
-0.370623
-0.369279
-0.370842
-0.37474
-0.372754
-0.385192
-0.382939
-0.380012
-0.37643
-0.373007
-0.370672
-0.370131
-0.371894
-0.3784
-0.375127
-0.383452
-0.381145
-0.378562
-0.375552
-0.372851
-0.371314
-0.371665
-0.373846
-0.382145
-0.378978
-0.381862
-0.37951
-0.3773
-0.374924
-0.373042
-0.372423
-0.373745
-0.376638
-0.385967
-0.383823
-0.38025
-0.377912
-0.37611
-0.374421
-0.373435
-0.373831
-0.376193
-0.380052
-0.389992
-0.389586
-0.378455
-0.376236
-0.374881
-0.373917
-0.373874
-0.375344
-0.378797
-0.383792
-0.394236
-0.395917
-0.376343
-0.374385
-0.373513
-0.37329
-0.374202
-0.376758
-0.381317
-0.387531
-0.398522
-0.402341
-0.373814
-0.372279
-0.371921
-0.372433
-0.37427
-0.377877
-0.383514
-0.390947
-0.40255
-0.408405
-0.370811
-0.369868
-0.370042
-0.371257
-0.373956
-0.378531
-0.385174
-0.393752
-0.406008
-0.413734
-0.367328
-0.367131
-0.367841
-0.369705
-0.373173
-0.378599
-0.386131
-0.395711
-0.408674
-0.417986
-0.36341
-0.364089
-0.365317
-0.367762
-0.371887
-0.378023
-0.386298
-0.396693
-0.410387
-0.420918
-0.359153
-0.360801
-0.36252
-0.365461
-0.370121
-0.376819
-0.385687
-0.396832
-0.41072
-0.422738
-0.354715
-0.357369
-0.359536
-0.362887
-0.367962
-0.375078
-0.384388
-0.396042
-0.409996
-0.423692
-0.350288
-0.353934
-0.356496
-0.360172
-0.365553
-0.372958
-0.382565
-0.394517
-0.408531
-0.423406
-0.346096
-0.350668
-0.353563
-0.357487
-0.36308
-0.370668
-0.380447
-0.392534
-0.406581
-0.422168
-0.342374
-0.347755
-0.350918
-0.355022
-0.360752
-0.368442
-0.3783
-0.390408
-0.404453
-0.420409
-0.339347
-0.345377
-0.348741
-0.352969
-0.35878
-0.366517
-0.376392
-0.388461
-0.402475
-0.418575
-0.33721
-0.343692
-0.34719
-0.351494
-0.357349
-0.365102
-0.374966
-0.38698
-0.400954
-0.417079
-0.336104
-0.342818
-0.346384
-0.350723
-0.356596
-0.364352
-0.374204
-0.386181
-0.400129
-0.416243
-0.434737
-0.451749
-0.466803
-0.476452
-0.478624
-0.46971
-0.447315
-0.408337
-0.350803
-0.275832
-0.190134
-0.104882
-0.0312627
0.0240076
0.0598776
0.0789846
0.0856501
0.0841491
0.0778556
0.0692794
0.0599178
0.0507929
0.0421878
0.0344893
0.0274331
0.0213939
0.0157461
0.0111287
0.00632699
0.00258667
-0.436107
-0.453158
-0.468376
-0.478203
-0.480585
-0.471811
-0.449959
-0.411375
-0.354121
-0.279152
-0.193141
-0.107367
-0.0332146
0.022536
0.0587648
0.0781468
0.0850228
0.0836825
0.0775099
0.0690232
0.0597278
0.0506528
0.0420857
0.0344163
0.027382
0.0213589
0.0157231
0.0111139
0.00631929
0.0025825
-0.438611
-0.45573
-0.471264
-0.481445
-0.484264
-0.476133
-0.454965
-0.417133
-0.360457
-0.285537
-0.198966
-0.112245
-0.0370403
0.0196065
0.0565425
0.0764695
0.0837655
0.0827478
0.0768183
0.0685117
0.0593492
0.050374
0.0418827
0.0342711
0.0272804
0.0212893
0.0156773
0.0110843
0.00630395
0.00257422
-0.441817
-0.459022
-0.475003
-0.485702
-0.489167
-0.4821
-0.461768
-0.425038
-0.369267
-0.294517
-0.207274
-0.119345
-0.0426084
0.0152703
0.0532228
0.0739529
0.0818761
0.0813436
0.0757814
0.0677469
0.0587849
0.0499593
0.041581
0.0340554
0.0271292
0.0211856
0.015609
0.0110403
0.00628107
0.00256191
-0.445169
-0.462474
-0.479004
-0.490372
-0.494647
-0.488751
-0.469643
-0.434359
-0.379848
-0.305493
-0.217677
-0.12828
-0.0497984
0.00959866
0.0488336
0.0706053
0.0793569
0.0794714
0.0744017
0.0667327
0.0580391
0.0494127
0.0411839
0.0337713
0.02693
0.0210488
0.0155188
0.010982
0.00625076
0.00254568
-0.448081
-0.465499
-0.482654
-0.494824
-0.50005
-0.495462
-0.477852
-0.444322
-0.391452
-0.317865
-0.229696
-0.138552
-0.058462
0.00268509
0.0434221
0.0664494
0.0762193
0.0771385
0.0726853
0.0654749
0.0571176
0.0487393
0.0406954
0.0334217
0.0266847
0.0208799
0.0154073
0.0109097
0.00621321
0.00252569
-0.450068
-0.467569
-0.485404
-0.498487
-0.504805
-0.501628
-0.485728
-0.454224
-0.403405
-0.330983
-0.242365
-0.150116
-0.0683243
-0.00534628
0.0370567
0.0615245
0.0724868
0.0743599
0.0706431
0.0639824
0.0560279
0.0479452
0.0401202
0.03301
0.0263954
0.0206803
0.0152752
0.010824
0.00616862
0.00250213
-0.450807
-0.468286
-0.48683
-0.500916
-0.508445
-0.506774
-0.492742
-0.46349
-0.415066
-0.343742
-0.255641
-0.162517
-0.0791508
-0.014349
0.0298276
0.0558868
0.0681951
0.0711588
0.0682909
0.0622665
0.0547788
0.0470372
0.0394634
0.0325397
0.0260645
0.0204513
0.0151235
0.0107251
0.00611721
0.00247518
-0.449289
-0.46762
-0.48669
-0.501811
-0.510623
-0.510522
-0.498445
-0.471508
-0.425459
-0.35643
-0.268977
-0.175383
-0.0907006
-0.0241589
0.021842
0.0496071
0.063391
0.0675659
0.0656489
0.0603415
0.0533804
0.0460229
0.0387306
0.0320146
0.0256945
0.0201946
0.014953
0.0106137
0.00605923
0.00244508
-0.446133
-0.46536
-0.484884
-0.501043
-0.511153
-0.512659
-0.502635
-0.478127
-0.434709
-0.368125
-0.281917
-0.188381
-0.102727
-0.0346025
0.0132186
0.0427663
0.0581293
0.0636176
0.0627411
0.0582233
0.051844
0.0449101
0.0379273
0.0314386
0.025288
0.0199117
0.0147648
0.0104903
0.00599493
0.00241203
-0.44162
-0.461542
-0.481485
-0.498641
-0.510054
-0.513179
-0.505195
-0.483111
-0.442428
-0.378547
-0.294134
-0.201205
-0.114993
-0.0455048
0.00408181
0.0354513
0.0524698
0.0593545
0.0595941
0.0559296
0.0501813
0.0437071
0.0370592
0.0308157
0.0248477
0.0196044
0.0145596
0.0103554
0.00592458
0.00237626
-0.435982
-0.456452
-0.476687
-0.494723
-0.507381
-0.512095
-0.506117
-0.486387
-0.448449
-0.387482
-0.305354
-0.213596
-0.127282
-0.0566955
-0.00544317
0.0277506
0.0464739
0.054818
0.0562352
0.0534785
0.0484044
0.0424219
0.036132
0.0301497
0.024376
0.0192741
0.0143387
0.0102096
0.00584842
0.002338
-0.429664
-0.450412
-0.470741
-0.489497
-0.503287
-0.509498
-0.505446
-0.48798
-0.452707
-0.394777
-0.315375
-0.225341
-0.139401
-0.0680182
-0.0152389
0.0197483
0.0402002
0.0500482
0.0526912
0.0508877
0.046525
0.0410625
0.0351511
0.0294442
0.0238755
0.0189226
0.0141028
0.0100534
0.00576672
0.00229747
-0.423143
-0.44374
-0.46393
-0.483204
-0.497963
-0.505529
-0.503266
-0.487924
-0.455219
-0.400359
-0.32406
-0.236284
-0.151198
-0.0793398
-0.0252013
0.0115207
0.0337033
0.0450828
0.0489878
0.0481741
0.0445544
0.0396365
0.0341216
0.028703
0.0233485
0.0185514
0.013853
0.00988745
0.00567974
0.00225487
-0.416776
-0.436726
-0.456527
-0.476075
-0.491599
-0.500329
-0.499667
-0.486281
-0.456019
-0.404235
-0.331335
-0.246305
-0.162532
-0.0905254
-0.0352174
0.00315349
0.0270446
0.0399645
0.0451533
0.0453553
0.0425037
0.0381508
0.0330481
0.027929
0.0227972
0.0181618
0.0135901
0.00971221
0.0055877
0.00221038
-0.410778
-0.429585
-0.448755
-0.468298
-0.484345
-0.494025
-0.494735
-0.483115
-0.455153
-0.406453
-0.337135
-0.255252
-0.173208
-0.101383
-0.0451286
-0.00523757
0.0203027
0.0347445
0.0412208
0.0424521
0.0403856
0.0366134
0.0319356
0.0271254
0.0222236
0.0177553
0.0133148
0.00952814
0.00549078
0.00216418
-0.405218
-0.422425
-0.440778
-0.460007
-0.476371
-0.486734
-0.48859
-0.478532
-0.452725
-0.407081
-0.341474
-0.263041
-0.18312
-0.111822
-0.0548736
-0.0136143
0.0135014
0.0294397
0.0372035
0.0394767
0.0382106
0.035032
0.0307896
0.0262961
0.0216302
0.0173333
0.0130282
0.00933589
0.00538927
0.00211644
-0.399949
-0.415203
-0.43268
-0.451303
-0.468025
-0.47842
-0.481278
-0.472663
-0.448983
-0.4065
-0.344865
-0.270246
-0.192851
-0.122374
-0.0648721
-0.0222708
0.00645467
0.023943
0.0330447
0.0364014
0.0359693
0.0334063
0.029613
0.0254447
0.0210204
0.0168988
0.0127322
0.0091369
0.00528396
0.00206755
-0.395282
-0.407818
-0.424252
-0.441918
-0.456988
-0.468596
-0.472361
-0.465272
-0.443974
-0.405062
-0.34788
-0.277445
-0.202883
-0.13339
-0.0753601
-0.0313552
-0.000925673
0.018203
0.0287135
0.0331996
0.0336397
0.0317222
0.0283982
0.024568
0.020393
0.0164517
0.0124272
0.00893161
0.00517527
0.00201781
-0.39168
-0.400392
-0.4156
-0.431715
-0.446297
-0.458253
-0.462092
-0.45598
-0.43649
-0.400457
-0.347048
-0.280405
-0.208743
-0.14086
-0.083214
-0.0386855
-0.00724401
0.0130444
0.0246623
0.0301008
0.0313145
0.0300022
0.0271385
0.0236485
0.0197311
0.0159767
0.0121024
0.00871124
0.00505852
0.00196539
-0.376567
-0.391727
-0.409623
-0.425065
-0.438628
-0.448927
-0.452217
-0.445522
-0.425705
-0.390128
-0.338419
-0.274628
-0.206355
-0.141608
-0.0862449
-0.0429801
-0.0119185
0.00858485
0.0207494
0.0268594
0.0287368
0.0279963
0.0256098
0.0224951
0.018884
0.0153565
0.0116749
0.0084159
0.00490136
0.00189551
-0.371915
-0.384955
-0.400183
-0.412876
-0.423581
-0.431338
-0.432678
-0.424518
-0.404298
-0.370108
-0.321969
-0.263419
-0.200886
-0.141194
-0.0894708
-0.048294
-0.0180017
0.00263136
0.0154314
0.0223792
0.0251186
0.025154
0.0234297
0.0208454
0.0176665
0.0144676
0.0110614
0.00799969
0.00467781
0.00179971
-0.363922
-0.375423
-0.387043
-0.397015
-0.405293
-0.410679
-0.410143
-0.400942
-0.380981
-0.348887
-0.304855
-0.251806
-0.195036
-0.140327
-0.0922094
-0.0531623
-0.0237551
-0.003139
0.0101602
0.0178452
0.0213881
0.0221763
0.0211136
0.0190726
0.0163443
0.0134953
0.0103848
0.00754058
0.0044284
0.00169619
-0.352464
-0.362877
-0.37107
-0.378453
-0.384689
-0.388103
-0.386101
-0.376352
-0.357134
-0.32745
-0.287579
-0.239895
-0.188714
-0.138885
-0.0943778
-0.0575495
-0.0291583
-0.00869209
0.00499452
0.0133359
0.0176303
0.019143
0.0187308
0.0172331
0.0149619
0.0124722
0.00966818
0.00705271
0.00416168
0.00158763
-0.337675
-0.34772
-0.353383
-0.358327
-0.362725
-0.364571
-0.361518
-0.351601
-0.333437
-0.306304
-0.270508
-0.227955
-0.182102
-0.136969
-0.0960094
-0.0614484
-0.0341873
-0.0140024
-4.52111e-05
0.00886421
0.0138516
0.0160559
0.0162805
0.0153249
0.0135167
0.0113958
0.00890943
0.00653445
0.00387647
0.00147332
-0.320513
-0.330604
-0.334645
-0.337584
-0.34034
-0.340968
-0.337235
-0.327453
-0.310532
-0.28596
-0.254034
-0.216254
-0.17536
-0.134654
-0.097124
-0.0648427
-0.0388064
-0.0190282
-0.00492079
0.00446007
0.0100723
0.0129272
0.0137685
0.0133496
0.0120077
0.010264
0.00810629
0.00598415
0.00357143
0.00135292
-0.302222
-0.312255
-0.315366
-0.316865
-0.318253
-0.317942
-0.313828
-0.304412
-0.288829
-0.266725
-0.238372
-0.204942
-0.168586
-0.131999
-0.0977446
-0.0677273
-0.0429909
-0.023735
-0.00959596
0.000156097
0.00631877
0.00977636
0.011208
0.0113154
0.0104396
0.00907945
0.00725966
0.00540214
0.00324645
0.0012266
-0.283538
-0.293309
-0.295948
-0.296518
-0.296876
-0.295875
-0.291609
-0.282721
-0.268501
-0.248714
-0.223604
-0.194087
-0.161843
-0.129054
-0.0979001
-0.0701073
-0.0467264
-0.028096
-0.0140394
-0.00401737
0.00261703
0.00662368
0.00861362
0.00923231
0.00881856
0.00784565
0.0063714
0.00478942
0.00290184
0.00109459
-0.26493
-0.274288
-0.276711
-0.276753
-0.276418
-0.274948
-0.270697
-0.262435
-0.249562
-0.23192
-0.209731
-0.183712
-0.15517
-0.125861
-0.0976214
-0.071995
-0.0500065
-0.0320912
-0.0182239
-0.00803216
-0.00100753
0.00348982
0.0060008
0.00711107
0.00715161
0.00656702
0.00544392
0.00414737
0.00253812
0.000957161
-0.246734
-0.255563
-0.257893
-0.257698
-0.256952
-0.255207
-0.251093
-0.243515
-0.231949
-0.216282
-0.196714
-0.173812
-0.148592
-0.122456
-0.0969414
-0.0734086
-0.0528316
-0.0357063
-0.0221267
-0.0118623
-0.00453012
0.000395898
0.00338601
0.00496368
0.00544693
0.00524887
0.0044804
0.00347786
0.00215612
0.000814642
-0.229137
-0.237375
-0.239668
-0.239423
-0.238487
-0.236634
-0.23275
-0.225884
-0.215567
-0.201713
-0.184498
-0.16437
-0.142123
-0.118874
-0.0958947
-0.0743709
-0.055208
-0.0389329
-0.0257288
-0.0154841
-0.0079268
-0.0026367
0.000786667
0.00280335
0.00371391
0.00389761
0.00348486
0.00278337
0.00175709
0.000667481
-0.212256
-0.219884
-0.22216
-0.221978
-0.221013
-0.219187
-0.215606
-0.209457
-0.200323
-0.188128
-0.173022
-0.155366
-0.135779
-0.115147
-0.0945173
-0.0749087
-0.0571476
-0.0417677
-0.0290159
-0.0188769
-0.0111749
-0.00558667
-0.00177916
0.000644331
0.00196308
0.00252068
0.00246222
0.00206702
0.00134267
0.000516222
-0.196181
-0.203203
-0.205464
-0.205407
-0.204523
-0.202824
-0.199598
-0.194154
-0.186127
-0.175445
-0.162233
-0.146779
-0.12957
-0.111308
-0.0928463
-0.0750519
-0.0586666
-0.0442126
-0.0319778
-0.022023
-0.0142535
-0.00843328
-0.00429306
-0.00149829
0.000206019
0.0011265
0.00141826
0.00133251
0.000914934
0.000361516
-0.180974
-0.187405
-0.189647
-0.189747
-0.189013
-0.187509
-0.184666
-0.179905
-0.172905
-0.163599
-0.152085
-0.138594
-0.12351
-0.107389
-0.0909196
-0.0748334
-0.059786
-0.0462745
-0.0346092
-0.0249082
-0.017144
-0.0111568
-0.00673666
-0.00360886
-0.00154484
-0.000275553
0.000359601
0.000584216
0.000476353
0.000204122
-0.166678
-0.17254
-0.174754
-0.175024
-0.174477
-0.173206
-0.170758
-0.166647
-0.160594
-0.152533
-0.142541
-0.1308
-0.117614
-0.103421
-0.088776
-0.0742884
-0.0605305
-0.0479651
-0.0369094
-0.0275225
-0.0198304
-0.0137389
-0.00909207
-0.0056715
-0.00327639
-0.00167535
-0.000706364
-0.000172929
2.98202e-05
4.49146e-05
-0.153317
-0.158638
-0.160815
-0.161251
-0.160907
-0.159889
-0.157831
-0.154329
-0.149142
-0.142203
-0.133571
-0.12339
-0.111897
-0.0994365
-0.0864544
-0.073454
-0.0609286
-0.0493007
-0.0388826
-0.02986
-0.0222999
-0.0161635
-0.0113423
-0.00767043
-0.00497513
-0.00306209
-0.00177154
-0.000933407
-0.000421391
-0.000115115
-0.1409
-0.145713
-0.147842
-0.148434
-0.148294
-0.147528
-0.145846
-0.142908
-0.138505
-0.132574
-0.125154
-0.116359
-0.106373
-0.0954664
-0.083994
-0.0723691
-0.061012
-0.0503022
-0.0405377
-0.0319192
-0.0245434
-0.0184166
-0.0134718
-0.00959037
-0.00662742
-0.00442454
-0.00282726
-0.0016912
-0.000873655
-0.000274856
-0.129425
-0.133764
-0.135837
-0.136567
-0.136621
-0.1361
-0.134769
-0.132345
-0.128648
-0.123615
-0.117274
-0.109708
-0.10106
-0.0915417
-0.081434
-0.0710737
-0.0608153
-0.0509941
-0.0418882
-0.0337029
-0.0265553
-0.0204873
-0.0154665
-0.0114169
-0.0082198
-0.00575122
-0.00386443
-0.00243987
-0.00132304
-0.000433084
-0.118879
-0.122782
-0.124792
-0.125641
-0.125874
-0.12558
-0.12457
-0.12261
-0.119542
-0.115307
-0.109919
-0.103439
-0.0959758
-0.0876937
-0.0788138
-0.0696091
-0.0603752
-0.0514048
-0.0429516
-0.0352186
-0.0283342
-0.0223677
-0.0173149
-0.0131368
-0.00973934
-0.00703068
-0.00487371
-0.00317266
-0.00176537
-0.000588473
-0.109244
-0.11275
-0.11469
-0.115639
-0.116032
-0.115944
-0.115224
-0.113676
-0.111164
-0.107632
-0.103082
-0.0975576
-0.0911396
-0.0839536
-0.076173
-0.0680172
-0.0597306
-0.0515658
-0.0437499
-0.0364777
-0.0298826
-0.0240531
-0.0190077
-0.0147384
-0.0111739
-0.00825171
-0.00584566
-0.00388258
-0.00219627
-0.000739612
-0.100499
-0.103645
-0.105513
-0.106543
-0.107077
-0.107172
-0.106708
-0.105522
-0.103498
-0.10058
-0.0967622
-0.0920738
-0.0865724
-0.0803535
-0.073551
-0.0663406
-0.0589222
-0.0515114
-0.0443084
-0.0374961
-0.031207
-0.0255426
-0.0205383
-0.0162121
-0.0125125
-0.00940362
-0.00677098
-0.00456258
-0.00261126
-0.000885025
-0.0926198
-0.0954457
-0.0972405
-0.098334
-0.0989881
-0.099244
-0.0990027
-0.0981313
-0.0965286
-0.0941429
-0.0909612
-0.0869993
-0.0822973
-0.0769259
-0.0709878
-0.0646223
-0.0579918
-0.0512782
-0.0446559
-0.0382931
-0.0323177
-0.0268385
-0.021903
-0.0175501
-0.0137453
-0.0104764
-0.00764063
-0.00520563
-0.00300581
-0.0010232
-0.0855869
-0.0881291
-0.0898512
-0.0909916
-0.0917492
-0.0921433
-0.0920935
-0.0914911
-0.0902498
-0.0883207
-0.0856855
-0.0823498
-0.0783392
-0.0737047
-0.0685238
-0.0629062
-0.0569823
-0.050905
-0.0448238
-0.0388916
-0.0332285
-0.0279465
-0.0231009
-0.0187469
-0.0148641
-0.011461
-0.00844603
-0.00580483
-0.00337539
-0.00115258
-0.079385
-0.0816803
-0.0833312
-0.0844921
-0.0853489
-0.0858607
-0.0859714
-0.0855954
-0.0846592
-0.0831169
-0.0809462
-0.0781445
-0.0747256
-0.0707251
-0.0662
-0.0612362
-0.0559377
-0.050432
-0.044846
-0.0393173
-0.0339565
-0.0288755
-0.0241339
-0.019799
-0.0158622
-0.0123491
-0.00917905
-0.00635348
-0.00371552
-0.00127163
-0.074005
-0.0760978
-0.077706
-0.078941
-0.079812
-0.0803983
-0.0806347
-0.080444
-0.0797608
-0.0785412
-0.0767595
-0.0744067
-0.0714872
-0.0680242
-0.0640588
-0.0596576
-0.0549028
-0.0499006
-0.0447582
-0.0395982
-0.0345212
-0.0296366
-0.0250059
-0.0207049
-0.0167343
-0.0131336
-0.0098321
-0.00684511
-0.00402179
-0.00137878
-0.0694289
-0.0713417
-0.0728859
-0.0741133
-0.0750617
-0.0757318
-0.0760785
-0.0760414
-0.0755657
-0.0746104
-0.0731483
-0.0711653
-0.0686586
-0.065642
-0.0621441
-0.0582162
-0.0539231
-0.0493533
-0.0445971
-0.0397637
-0.0349438
-0.0302431
-0.0257228
-0.0214645
-0.017476
-0.0138077
-0.0103979
-0.00727336
-0.00428982
-0.00147249
-0.065669
-0.0674358
-0.0689291
-0.0701649
-0.0711568
-0.0718893
-0.0723227
-0.0724074
-0.0720962
-0.071351
-0.0701433
-0.0684556
-0.0662798
-0.0636224
-0.0605023
-0.0569594
-0.0530448
-0.0488328
-0.0444
-0.039844
-0.0352466
-0.030709
-0.0262913
-0.0220784
-0.0180834
-0.0143652
-0.0108694
-0.00763184
-0.00451514
-0.00155112
-0.062753
-0.064408
-0.0658617
-0.0671041
-0.0681255
-0.0689029
-0.0694004
-0.0695762
-0.0693884
-0.0688015
-0.067786
-0.0663221
-0.0643977
-0.0620141
-0.0591833
-0.0559364
-0.0523148
-0.0483819
-0.0442037
-0.0398685
-0.0354509
-0.0310477
-0.0267174
-0.0225467
-0.0185524
-0.0147991
-0.0112388
-0.00791378
-0.00469304
-0.00161296
-0.0607267
-0.0623049
-0.0637314
-0.0649775
-0.0660177
-0.066824
-0.0673641
-0.067601
-0.0674968
-0.0670172
-0.0661326
-0.0648214
-0.063069
-0.0608733
-0.0582416
-0.0551993
-0.0517809
-0.0480428
-0.0440436
-0.0398649
-0.035576
-0.0312704
-0.0270051
-0.0228675
-0.0188769
-0.0151012
-0.0114974
-0.00811147
-0.00481828
-0.00165599
-0.0596466
-0.0611876
-0.0626011
-0.0638503
-0.0649018
-0.0657246
-0.0662874
-0.0665563
-0.0664956
-0.066072
-0.0652556
-0.0640242
-0.0623617
-0.0602643
-0.057737
-0.0548021
-0.0514907
-0.0478554
-0.0439512
-0.0398559
-0.0356362
-0.0313833
-0.0271538
-0.0230346
-0.0190473
-0.0152602
-0.0116345
-0.0082156
-0.00488488
-0.00167778
-0.235758
-0.245499
-0.254705
-0.263405
-0.271637
-0.279441
-0.286858
-0.293933
-0.30071
-0.307231
-0.313543
-0.319695
-0.325745
-0.331776
-0.337898
-0.344328
-0.351233
-0.359583
-0.368388
-0.383682
-0.220266
-0.229592
-0.238488
-0.246987
-0.255123
-0.262935
-0.270459
-0.277737
-0.284814
-0.291738
-0.298566
-0.305372
-0.312242
-0.319323
-0.32671
-0.334797
-0.343248
-0.353567
-0.36204
-0.377177
-0.205819
-0.214667
-0.223178
-0.231383
-0.239316
-0.247013
-0.254509
-0.261847
-0.26907
-0.276233
-0.283391
-0.290626
-0.297987
-0.305617
-0.313405
-0.321748
-0.329716
-0.339232
-0.346471
-0.360317
-0.192356
-0.200741
-0.208871
-0.216772
-0.224472
-0.232003
-0.239397
-0.24669
-0.253919
-0.261128
-0.268346
-0.275631
-0.282958
-0.290446
-0.297865
-0.305725
-0.31317
-0.322314
-0.330173
-0.343006
-0.179864
-0.187792
-0.195526
-0.203087
-0.210499
-0.217786
-0.224974
-0.232092
-0.239162
-0.246215
-0.253257
-0.260338
-0.267417
-0.274651
-0.281871
-0.289625
-0.297236
-0.306191
-0.314297
-0.325412
-0.168246
-0.175709
-0.183023
-0.190204
-0.19727
-0.204242
-0.211137
-0.217979
-0.224782
-0.231574
-0.238362
-0.245204
-0.252085
-0.259154
-0.266277
-0.273804
-0.281201
-0.289332
-0.297066
-0.306781
-0.157384
-0.164384
-0.171265
-0.178041
-0.184728
-0.191342
-0.197898
-0.204414
-0.210907
-0.217401
-0.22391
-0.23048
-0.237095
-0.243841
-0.250606
-0.257584
-0.264513
-0.27192
-0.279412
-0.288217
-0.147217
-0.153756
-0.1602
-0.166562
-0.172854
-0.179088
-0.185279
-0.191442
-0.197591
-0.203745
-0.209911
-0.216116
-0.222348
-0.228654
-0.234995
-0.241496
-0.248079
-0.254987
-0.26213
-0.270101
-0.137692
-0.14378
-0.149789
-0.155732
-0.161621
-0.167464
-0.173271
-0.179057
-0.184829
-0.190602
-0.196383
-0.202189
-0.208025
-0.213926
-0.21989
-0.225974
-0.232155
-0.238512
-0.245125
-0.252358
-0.128761
-0.134407
-0.139988
-0.145517
-0.151
-0.156444
-0.16186
-0.167255
-0.172638
-0.178021
-0.183412
-0.188825
-0.194271
-0.199765
-0.205313
-0.21093
-0.216629
-0.222449
-0.228538
-0.235146
-0.120371
-0.12559
-0.130758
-0.13588
-0.140964
-0.146015
-0.151039
-0.156046
-0.161042
-0.166035
-0.171035
-0.176049
-0.181085
-0.186153
-0.19126
-0.196418
-0.201657
-0.206995
-0.212571
-0.218583
-0.112476
-0.117291
-0.122062
-0.126793
-0.13149
-0.136157
-0.140801
-0.145426
-0.150039
-0.154647
-0.159255
-0.16387
-0.1685
-0.173152
-0.177837
-0.182563
-0.187353
-0.192217
-0.197275
-0.202709
-0.105045
-0.109484
-0.113879
-0.118236
-0.122561
-0.126859
-0.131134
-0.13539
-0.139631
-0.143863
-0.148091
-0.152322
-0.15656
-0.160813
-0.165088
-0.16939
-0.173737
-0.17814
-0.182703
-0.187591
-0.098071
-0.102149
-0.106186
-0.110188
-0.114161
-0.118107
-0.122029
-0.125931
-0.129816
-0.133689
-0.137554
-0.141416
-0.145278
-0.149146
-0.153026
-0.156922
-0.16085
-0.16482
-0.168918
-0.173289
-0.0915349
-0.0952697
-0.0989684
-0.102636
-0.106274
-0.109887
-0.113475
-0.117042
-0.12059
-0.124123
-0.127644
-0.131155
-0.134661
-0.138166
-0.141674
-0.14519
-0.148725
-0.152287
-0.15595
-0.159837
-0.0853979
-0.0888151
-0.0922
-0.0955551
-0.0988824
-0.102183
-0.105459
-0.108713
-0.111945
-0.115159
-0.118356
-0.12154
-0.124714
-0.127879
-0.131041
-0.134201
-0.13737
-0.140555
-0.143814
-0.147256
-0.0796519
-0.0827761
-0.0858701
-0.0889356
-0.0919737
-0.0949853
-0.0979712
-0.100933
-0.103872
-0.106789
-0.109687
-0.112567
-0.115432
-0.118284
-0.121125
-0.123958
-0.12679
-0.129628
-0.13252
-0.135555
-0.0742828
-0.0771381
-0.0799649
-0.082764
-0.0855358
-0.0882806
-0.090999
-0.0936918
-0.09636
-0.0990046
-0.101627
-0.104228
-0.10681
-0.109373
-0.111921
-0.114455
-0.116981
-0.119503
-0.122061
-0.12473
-0.0692755
-0.071886
-0.0744697
-0.077026
-0.0795547
-0.082056
-0.0845301
-0.0869776
-0.0893989
-0.0917946
-0.0941654
-0.0965123
-0.0988364
-0.101139
-0.103421
-0.105684
-0.107932
-0.11017
-0.112429
-0.11477
-0.0646331
-0.0670242
-0.0693872
-0.071722
-0.0740291
-0.0763086
-0.0785605
-0.0807849
-0.0829818
-0.0851516
-0.0872945
-0.0894113
-0.0915025
-0.0935688
-0.0956114
-0.097631
-0.0996311
-0.101614
-0.103606
-0.105657
-0.0603532
-0.0625433
-0.0647061
-0.0668412
-0.0689487
-0.0710286
-0.0730804
-0.0751039
-0.077099
-0.0790657
-0.0810042
-0.0829146
-0.0847973
-0.0866527
-0.0884816
-0.0902844
-0.0920637
-0.0938214
-0.0955778
-0.0973728
-0.056434
-0.0584433
-0.0604265
-0.0623828
-0.0643118
-0.066213
-0.0680858
-0.0699298
-0.0717448
-0.0735305
-0.0752868
-0.0770138
-0.0787115
-0.0803801
-0.08202
-0.0836314
-0.0852163
-0.0867759
-0.0883261
-0.089898
-0.0528735
-0.0547236
-0.0565481
-0.058346
-0.0601168
-0.0618597
-0.0635742
-0.0652596
-0.0669154
-0.0685414
-0.0701373
-0.0717028
-0.073238
-0.0747427
-0.0762173
-0.0776616
-0.0790771
-0.0804647
-0.0818361
-0.0832156
-0.0496793
-0.0513898
-0.0530751
-0.0547342
-0.0563664
-0.0579708
-0.0595467
-0.0610934
-0.0626104
-0.0640972
-0.0655535
-0.0669788
-0.0683731
-0.069736
-0.0710678
-0.0723683
-0.0736383
-0.0748785
-0.0760974
-0.0773133
-0.0468605
-0.0484503
-0.0500154
-0.0515545
-0.0530669
-0.0545518
-0.0560082
-0.0574356
-0.0588332
-0.0602005
-0.0615371
-0.0628425
-0.0641165
-0.0653589
-0.0665694
-0.0677481
-0.0688954
-0.0700117
-0.0711033
-0.0721831
-0.0444317
-0.0459193
-0.0473823
-0.0488199
-0.050231
-0.0516148
-0.0529704
-0.0542971
-0.0555942
-0.0568611
-0.0580973
-0.0593023
-0.0604758
-0.0616174
-0.062727
-0.0638043
-0.0648497
-0.0658633
-0.0668492
-0.0678163
-0.0424107
-0.0438138
-0.0451927
-0.0465465
-0.0478742
-0.0491749
-0.0504478
-0.051692
-0.052907
-0.0540921
-0.0552467
-0.0563704
-0.0574626
-0.0585231
-0.0595516
-0.0605478
-0.0615118
-0.0624437
-0.0633457
-0.0642237
-0.0408315
-0.0421682
-0.0434811
-0.0447691
-0.0460314
-0.047267
-0.0484752
-0.0496551
-0.0508062
-0.0519278
-0.0530193
-0.0540801
-0.05511
-0.0561084
-0.0570752
-0.0580099
-0.0589125
-0.0597829
-0.0606224
-0.0614341
-0.0397124
-0.0410012
-0.0422666
-0.0435077
-0.0447236
-0.0459135
-0.0470766
-0.048212
-0.0493193
-0.0503976
-0.0514465
-0.0524654
-0.0534538
-0.0544114
-0.0553376
-0.0562322
-0.057095
-0.0579257
-0.0587248
-0.0594935
-0.0391451
-0.0404025
-0.0416366
-0.0428466
-0.0440318
-0.0451914
-0.046325
-0.0474317
-0.0485111
-0.0495626
-0.0505857
-0.05158
-0.0525449
-0.0534802
-0.0543855
-0.0552604
-0.0561047
-0.0569181
-0.0577006
-0.0584524
0.0819899
0.0630197
0.0434797
0.0247802
0.00580471
-0.0132783
-0.0320131
-0.0503105
-0.0681783
-0.0855654
-0.102413
-0.118702
-0.134429
-0.149581
-0.163885
-0.177827
-0.190892
-0.203078
-0.214566
-0.225452
0.0725333
0.0536047
0.0337437
0.0163373
-0.000731708
-0.0180783
-0.0351326
-0.0516697
-0.0677621
-0.0834295
-0.0986279
-0.113324
-0.127474
-0.140995
-0.153721
-0.16626
-0.178231
-0.189524
-0.200248
-0.210488
0.0627433
0.044494
0.0252104
0.00912137
-0.00603904
-0.0215744
-0.0370145
-0.0519502
-0.0664231
-0.0805114
-0.0941881
-0.107398
-0.120086
-0.132205
-0.14377
-0.155389
-0.166492
-0.177
-0.187011
-0.196607
0.0528283
0.0356317
0.0175012
0.00276852
-0.0106848
-0.0245142
-0.0384361
-0.0519281
-0.0649508
-0.0776156
-0.0899387
-0.101884
-0.113438
-0.124607
-0.135382
-0.145505
-0.155572
-0.165343
-0.174702
-0.183687
0.0433971
0.0275643
0.0108727
-0.00254198
-0.0145243
-0.0268277
-0.0393512
-0.0515453
-0.063288
-0.0746904
-0.0858041
-0.0966053
-0.107067
-0.117172
-0.126901
-0.13625
-0.145541
-0.154597
-0.163314
-0.171718
0.0347609
0.0203998
0.00523088
-0.00696143
-0.0176941
-0.0286588
-0.039904
-0.0509169
-0.0615173
-0.0717938
-0.0818195
-0.0915871
-0.101071
-0.11026
-0.119161
-0.127785
-0.136357
-0.144709
-0.152783
-0.160614
0.0269841
0.0140673
0.000418446
-0.0106328
-0.0202866
-0.030077
-0.0401577
-0.0500896
-0.0596643
-0.0689396
-0.0779961
-0.0868429
-0.0954574
-0.103821
-0.111932
-0.119814
-0.127752
-0.135472
-0.142956
-0.150249
0.0200444
0.00848612
-0.0036914
-0.0136673
-0.022372
-0.0311323
-0.0401613
-0.049106
-0.057756
-0.0661397
-0.0743342
-0.0823635
-0.0902189
-0.0978991
-0.105412
-0.112755
-0.119783
-0.126811
-0.133758
-0.140559
0.0139076
0.00360532
-0.00718017
-0.0161448
-0.0240036
-0.0318603
-0.0399473
-0.0479947
-0.0558086
-0.0633935
-0.0708147
-0.0781011
-0.0852475
-0.0922446
-0.0990862
-0.105766
-0.112279
-0.118771
-0.125196
-0.131505
0.00854255
-0.000611524
-0.0101054
-0.0181288
-0.025229
-0.0322922
-0.0395409
-0.0467772
-0.0538341
-0.0606999
-0.067425
-0.0740381
-0.0805385
-0.0869186
-0.0931746
-0.0993087
-0.10532
-0.111301
-0.117217
-0.123037
0.0039141
-0.00420221
-0.0125183
-0.0196757
-0.0260937
-0.0324585
-0.0389643
-0.0454712
-0.0518434
-0.0580607
-0.0641591
-0.0701641
-0.0760779
-0.0818957
-0.0876155
-0.0932426
-0.0987824
-0.104296
-0.109737
-0.115091
-2.07119e-05
-0.00720894
-0.0144682
-0.020837
-0.0266401
-0.0323882
-0.0382371
-0.0440911
-0.0498459
-0.0554789
-0.061014
-0.0664713
-0.0718534
-0.0771545
-0.0823672
-0.0874918
-0.0925471
-0.0976679
-0.102688
-0.107613
-0.00331173
-0.00967681
-0.0160014
-0.0216594
-0.0269069
-0.032108
-0.0373763
-0.0426479
-0.0478471
-0.0529536
-0.0579822
-0.0629489
-0.0678591
-0.0727127
-0.0775124
-0.0822585
-0.0869395
-0.0914692
-0.0960158
-0.100554
-0.00601199
-0.0116511
-0.0171608
-0.0221845
-0.0269297
-0.0316426
-0.036397
-0.04115
-0.0458497
-0.0504801
-0.0550495
-0.0595685
-0.0640404
-0.0684638
-0.0728356
-0.0771517
-0.0814071
-0.085598
-0.0897809
-0.093946
-0.00817839
-0.013179
-0.0179861
-0.0224495
-0.0267409
-0.0310161
-0.0353144
-0.0396058
-0.0438572
-0.0480573
-0.0522103
-0.0563221
-0.0603948
-0.0644271
-0.0684172
-0.0723635
-0.0762654
-0.0801182
-0.0839519
-0.087761
-0.00986855
-0.0143088
-0.0185151
-0.0224876
-0.0263703
-0.0302521
-0.0341446
-0.0380257
-0.0418758
-0.0456885
-0.0494653
-0.0532092
-0.0569208
-0.060599
-0.0642425
-0.0678499
-0.0714202
-0.0749517
-0.0784622
-0.0819464
-0.0111388
-0.0150889
-0.0187846
-0.0223299
-0.025846
-0.029374
-0.032905
-0.0364216
-0.0399136
-0.0433782
-0.0468159
-0.0502274
-0.0536123
-0.0569693
-0.0602971
-0.0635946
-0.0668608
-0.0700949
-0.0733088
-0.0764959
-0.0120429
-0.0155659
-0.0188303
-0.0220058
-0.0251945
-0.0284047
-0.0316138
-0.0348069
-0.0379798
-0.0411327
-0.0442656
-0.0473774
-0.0504669
-0.0535327
-0.0565736
-0.0595884
-0.0625765
-0.0655381
-0.0684817
-0.0713976
-0.012632
-0.0157847
-0.0186868
-0.0215437
-0.0244415
-0.0273671
-0.0302899
-0.0331963
-0.0360861
-0.038961
-0.0418208
-0.0446637
-0.0474876
-0.0502907
-0.0530711
-0.0558268
-0.0585565
-0.0612607
-0.0639656
-0.0666369
-0.0129546
-0.0157876
-0.0183873
-0.0209714
-0.0236118
-0.0262836
-0.0289523
-0.0316056
-0.0342448
-0.0368729
-0.0394898
-0.0420934
-0.0446816
-0.0472528
-0.049806
-0.0523406
-0.0548547
-0.0573447
-0.0597865
-0.0622175
-0.0130563
-0.015615
-0.017964
-0.0203155
-0.0227296
-0.0251761
-0.0276201
-0.03005
-0.032468
-0.0348773
-0.0372776
-0.0396667
-0.0420422
-0.0444021
-0.0467448
-0.0490687
-0.0513716
-0.0536513
-0.0559038
-0.0581384
-0.0129807
-0.0153057
-0.0174482
-0.0196028
-0.0218194
-0.0240672
-0.0263135
-0.0285474
-0.030771
-0.0329874
-0.0351962
-0.0373952
-0.039582
-0.0417545
-0.0439111
-0.0460502
-0.0481702
-0.0502693
-0.0523448
-0.0544002
-0.0127693
-0.0148968
-0.0168709
-0.0188604
-0.0209061
-0.0229804
-0.025054
-0.0271172
-0.0291714
-0.0312193
-0.0332604
-0.0352927
-0.0373136
-0.0393213
-0.041314
-0.0432902
-0.0452484
-0.0471867
-0.0491033
-0.0509994
-0.0124618
-0.0144246
-0.0162629
-0.0181154
-0.0200153
-0.0219397
-0.0238642
-0.0257802
-0.0276884
-0.0295905
-0.0314863
-0.0333736
-0.0352503
-0.0371143
-0.038964
-0.0407979
-0.0426144
-0.044412
-0.0461887
-0.047945
-0.0120963
-0.013924
-0.0156548
-0.0173955
-0.0191728
-0.02097
-0.0227678
-0.0245586
-0.0263426
-0.0281206
-0.0298921
-0.0316552
-0.033408
-0.0351485
-0.0368751
-0.0385863
-0.0402806
-0.0419563
-0.043612
-0.0452472
-0.0117095
-0.0134292
-0.015077
-0.0167287
-0.0184056
-0.0200973
-0.0217896
-0.0234764
-0.0251568
-0.0268311
-0.0284985
-0.0301574
-0.0318059
-0.0334423
-0.0350649
-0.0366724
-0.0382631
-0.0398356
-0.0413885
-0.042921
-0.0113368
-0.0129737
-0.0145602
-0.0161438
-0.0177417
-0.019349
-0.0209568
-0.0225598
-0.0241566
-0.0257469
-0.0273296
-0.0289034
-0.0304666
-0.0320175
-0.0335546
-0.0350765
-0.0365818
-0.0380691
-0.0395371
-0.0409847
-0.0110125
-0.0125907
-0.0141355
-0.0156707
-0.0172102
-0.0187544
-0.0202984
-0.0218381
-0.0233714
-0.0248975
-0.0264154
-0.0279237
-0.0294209
-0.0309055
-0.0323762
-0.0338315
-0.03527
-0.0366905
-0.0380916
-0.0394722
-0.0107695
-0.0123135
-0.0138349
-0.0153402
-0.0168415
-0.0183431
-0.0198433
-0.0213389
-0.0228275
-0.024308
-0.0257793
-0.0272402
-0.0286894
-0.0301257
-0.0315476
-0.0329541
-0.0343438
-0.0357156
-0.0370684
-0.0384011
-0.0106348
-0.0121692
-0.0136873
-0.0151861
-0.0166759
-0.0181627
-0.0196463
-0.021124
-0.0225935
-0.0240531
-0.0255018
-0.0269386
-0.0283623
-0.0297718
-0.0311658
-0.0325432
-0.033903
-0.035244
-0.0365652
-0.0378657
0.0925446
0.0952914
0.0952334
0.101365
0.10318
0.112357
0.117046
0.12932
0.136822
0.151162
0.158584
0.170386
0.168021
0.163661
0.122649
0.0924049
0.0951047
0.0950158
0.100933
0.102688
0.111436
0.115868
0.127326
0.134122
0.146896
0.152734
0.161512
0.156468
0.146218
0.107473
0.0922497
0.0948972
0.0947614
0.10045
0.102111
0.110389
0.114496
0.125083
0.131079
0.142229
0.146437
0.152332
0.145116
0.13104
0.096009
0.0920795
0.0946637
0.094483
0.0999129
0.101475
0.109234
0.113007
0.122646
0.127828
0.137259
0.139919
0.142959
0.13407
0.117175
0.0844931
0.0918932
0.0944027
0.0941806
0.0993226
0.100785
0.107977
0.111414
0.120034
0.124413
0.132058
0.133292
0.133571
0.123387
0.104265
0.0729666
0.0916899
0.0941123
0.0938521
0.0986758
0.100036
0.106613
0.109709
0.117247
0.120837
0.126657
0.126585
0.124277
0.113062
0.0922876
0.0620851
0.0914688
0.0937899
0.0934957
0.0979695
0.0992271
0.105139
0.10789
0.114288
0.117106
0.121091
0.119823
0.115162
0.103111
0.0812802
0.0521567
0.0912291
0.093433
0.0931104
0.0972006
0.0983549
0.103552
0.105957
0.111168
0.113232
0.115405
0.113041
0.106308
0.0935736
0.071243
0.0432249
0.09097
0.0930392
0.092695
0.0963671
0.0974183
0.101855
0.103912
0.107902
0.109227
0.109653
0.106276
0.097793
0.0844921
0.0621333
0.0352478
0.0906908
0.0926064
0.0922483
0.0954678
0.0964155
0.100051
0.101754
0.104512
0.105106
0.103891
0.0995664
0.0896746
0.0759025
0.0538904
0.0281812
0.0903908
0.092133
0.0917689
0.0945027
0.0953444
0.098148
0.0994856
0.101024
0.100885
0.0981738
0.0929525
0.0819891
0.0678409
0.0464539
0.0219825
0.0900693
0.0916178
0.0912552
0.0934738
0.0942025
0.0961566
0.0971067
0.0974679
0.0965846
0.0925513
0.0864756
0.0747566
0.0603426
0.0397699
0.0165995
0.0897259
0.0910609
0.0907053
0.092385
0.0929868
0.0940916
0.0946216
0.0938747
0.0922291
0.0870635
0.080181
0.0679861
0.0534357
0.0337913
0.0119697
0.08936
0.0904633
0.0901168
0.0912426
0.0916941
0.09197
0.092038
0.0902736
0.0878477
0.0817429
0.0741167
0.0616789
0.0471354
0.0284759
0.00802474
0.0889713
0.0898275
0.0894871
0.0900554
0.0903232
0.0898098
0.0893672
0.0866912
0.0834748
0.0766156
0.0683304
0.055832
0.0414407
0.0237846
0.00469724
0.0885598
0.0891576
0.0888133
0.0888338
0.0888755
0.0876285
0.086625
0.0831512
0.0791503
0.0717017
0.0628649
0.0504413
0.0363358
0.0196793
0.00192394
0.0881258
0.0884594
0.0880935
0.0875892
0.0873553
0.0854424
0.0838332
0.0796746
0.0749176
0.0670186
0.0577539
0.0455026
0.0317936
0.0161205
-0.000353428
0.0876698
0.0877399
0.0873272
0.0863331
0.0857708
0.0832669
0.0810194
0.0762795
0.0708203
0.0625826
0.05302
0.0410117
0.0277808
0.0130664
-0.00218907
0.0871932
0.0870073
0.0865169
0.0850766
0.0841352
0.0811159
0.078216
0.0729835
0.0668991
0.058411
0.0486744
0.0369618
0.0242621
0.0104738
-0.00363434
0.0866984
0.0862705
0.0856675
0.0838308
0.0824666
0.0790026
0.0754591
0.0698049
0.0631895
0.054522
0.0447192
0.033342
0.0212021
0.0082988
-0.00473851
0.0861892
0.0855391
0.0847878
0.0826059
0.0807883
0.0769403
0.072786
0.0667649
0.0597199
0.0509331
0.0411506
0.0301368
0.0185654
0.00649813
-0.0055488
0.0856712
0.0848228
0.0838903
0.0814127
0.0791278
0.0749441
0.070233
0.0638887
0.0565118
0.0476595
0.0379617
0.0273265
0.016317
0.00502984
-0.00611021
0.0851519
0.0841318
0.0829912
0.0802624
0.0775155
0.0730324
0.0678336
0.0612046
0.053582
0.0447122
0.0351444
0.0248897
0.0144218
0.00385324
-0.00646556
0.0846413
0.0834764
0.0821107
0.0791683
0.0759838
0.0712285
0.0656188
0.0587427
0.0509448
0.042098
0.0326897
0.0228046
0.0128457
0.00292912
-0.00665575
0.0841514
0.0828681
0.0812718
0.0781464
0.0745654
0.0695614
0.0636174
0.0565333
0.0486143
0.0398213
0.0305882
0.0210504
0.0115565
0.00222008
-0.00671996
0.0836968
0.0823192
0.0805
0.0772171
0.0732931
0.068065
0.0618575
0.0546058
0.0466064
0.0378859
0.0288309
0.0196079
0.0105249
0.00169119
-0.00669561
0.0832941
0.0818437
0.0798225
0.0764054
0.0721996
0.0667775
0.0603689
0.0529897
0.0449397
0.0362979
0.0274109
0.0184608
0.00972559
0.00131083
-0.00661803
0.0829618
0.0814578
0.0792678
0.0757417
0.0713192
0.06574
0.0591849
0.0517157
0.0436366
0.0350682
0.0263259
0.0175973
0.00913811
0.00105183
-0.00651988
0.0827202
0.0811799
0.0788655
0.0752602
0.0706889
0.064997
0.0583446
0.0508188
0.0427253
0.0342151
0.0255813
0.0170127
0.00874884
0.000893181
-0.00642978
0.0825898
0.0810314
0.0786473
0.0749997
0.0703497
0.0645977
0.0578944
0.0503416
0.0422419
0.0337662
0.0251923
0.0167112
0.00855131
0.000818958
-0.00637083
0.0934365
0.0966304
0.0961362
0.103673
0.104662
0.116346
0.120695
0.137131
0.14682
0.169537
0.187342
0.218612
0.247954
0.290955
0.334946
0.0934325
0.0966231
0.0961329
0.103661
0.104657
0.116326
0.120681
0.137094
0.146775
0.169455
0.187204
0.218393
0.247553
0.290334
0.333863
0.0934244
0.0966085
0.0961263
0.103637
0.104647
0.116285
0.120653
0.137019
0.146687
0.16929
0.186927
0.217956
0.246754
0.289095
0.3317
0.0934122
0.0965867
0.0961163
0.103602
0.104631
0.116224
0.120611
0.136907
0.146554
0.169043
0.186514
0.217302
0.245556
0.287242
0.32846
0.0933959
0.0965579
0.0961029
0.103555
0.104611
0.116143
0.120555
0.136759
0.146377
0.168713
0.185965
0.216429
0.243965
0.284778
0.324151
0.0933755
0.0965221
0.0960859
0.103496
0.104587
0.116048
0.120485
0.136574
0.146158
0.168302
0.185284
0.21534
0.241982
0.281712
0.318783
0.093351
0.0964797
0.0960653
0.103428
0.10453
0.115902
0.120398
0.136355
0.145896
0.167809
0.184471
0.214034
0.239614
0.27805
0.312369
0.0933224
0.0964309
0.0960407
0.10335
0.10454
0.115791
0.120294
0.1361
0.145592
0.167235
0.183531
0.212513
0.236868
0.2738
0.304925
0.0932896
0.0963758
0.0960122
0.10326
0.104483
0.115625
0.120177
0.135813
0.145247
0.16658
0.182466
0.210777
0.233749
0.268972
0.29647
0.0932526
0.0963149
0.0959794
0.10316
0.10444
0.115463
0.120045
0.135493
0.144861
0.165847
0.181279
0.208828
0.230268
0.263576
0.287028
0.0932115
0.0962484
0.0959415
0.103051
0.104387
0.11528
0.119899
0.135143
0.144434
0.165035
0.179973
0.206664
0.226433
0.257621
0.276626
0.0931661
0.096177
0.0958968
0.102931
0.104326
0.115082
0.119737
0.134763
0.143968
0.164147
0.178553
0.204288
0.222256
0.251118
0.265291
0.0931165
0.0961009
0.09586
0.102802
0.104257
0.114871
0.119559
0.134355
0.143462
0.163185
0.17702
0.2017
0.217749
0.244077
0.253056
0.0930627
0.0960201
0.09581
0.102665
0.10418
0.114647
0.119366
0.13392
0.142918
0.162151
0.175377
0.198902
0.212925
0.236505
0.239956
0.0930047
0.0959345
0.0957494
0.10252
0.104095
0.11441
0.119157
0.133461
0.142335
0.161047
0.173626
0.195896
0.207798
0.228408
0.226025
0.0929425
0.0958442
0.0956859
0.102369
0.104001
0.114162
0.118931
0.132979
0.141713
0.159876
0.171767
0.192685
0.202382
0.219788
0.211299
0.0928762
0.0957498
0.0956181
0.102207
0.103898
0.113902
0.118688
0.132471
0.141048
0.158633
0.169797
0.189266
0.19669
0.210646
0.195817
0.0928059
0.095652
0.0955467
0.102047
0.103788
0.113637
0.118435
0.131951
0.140358
0.157343
0.167739
0.185673
0.190753
0.200999
0.179618
0.0927317
0.0955515
0.0954718
0.101899
0.10368
0.113382
0.118193
0.131459
0.139685
0.156075
0.165643
0.181975
0.184572
0.190779
0.162621
0.0926517
0.095445
0.0953809
0.101704
0.10353
0.113059
0.117855
0.130825
0.138811
0.154515
0.163166
0.177721
0.177805
0.179633
0.144652
0.0926517
0.095445
0.0953809
0.101704
0.10353
0.113059
0.117855
0.130825
0.138811
0.154515
0.163166
0.177721
0.177805
0.179633
0.144652
0.0927317
0.0955515
0.0954718
0.101899
0.10368
0.113382
0.118193
0.131459
0.139685
0.156075
0.165643
0.181975
0.184572
0.190779
0.162621
0.0928059
0.095652
0.0955467
0.102047
0.103788
0.113637
0.118435
0.131951
0.140358
0.157343
0.167739
0.185674
0.190753
0.200999
0.179618
0.0928762
0.0957498
0.0956181
0.102207
0.103898
0.113902
0.118688
0.132471
0.141048
0.158633
0.169797
0.189266
0.19669
0.210646
0.195817
0.0929425
0.0958442
0.0956859
0.102369
0.104001
0.114162
0.118931
0.132979
0.141713
0.159876
0.171768
0.192685
0.202382
0.219788
0.211299
0.0930047
0.0959345
0.0957494
0.10252
0.104095
0.11441
0.119157
0.133461
0.142335
0.161047
0.173626
0.195896
0.207798
0.228408
0.226025
0.0930627
0.0960201
0.09581
0.102665
0.10418
0.114647
0.119366
0.13392
0.142918
0.162151
0.175377
0.198902
0.212925
0.236505
0.239956
0.0931165
0.0961009
0.09586
0.102802
0.104257
0.114871
0.119559
0.134355
0.143462
0.163185
0.17702
0.2017
0.217749
0.244077
0.253056
0.0931661
0.096177
0.0958968
0.102931
0.104326
0.115082
0.119737
0.134763
0.143968
0.164147
0.178553
0.204288
0.222256
0.251118
0.265291
0.0932115
0.0962484
0.0959415
0.103051
0.104387
0.11528
0.119899
0.135143
0.144434
0.165035
0.179973
0.206664
0.226433
0.257621
0.276626
0.0932526
0.0963149
0.0959794
0.10316
0.10444
0.115463
0.120045
0.135493
0.144861
0.165847
0.181279
0.208828
0.230268
0.263576
0.287028
0.0932896
0.0963758
0.0960122
0.10326
0.104483
0.115625
0.120177
0.135813
0.145247
0.16658
0.182466
0.210777
0.233749
0.268972
0.29647
0.0933224
0.0964309
0.0960407
0.10335
0.10454
0.115791
0.120294
0.1361
0.145592
0.167235
0.183531
0.212513
0.236868
0.2738
0.304925
0.093351
0.0964797
0.0960653
0.103428
0.10453
0.115902
0.120398
0.136355
0.145896
0.167809
0.184471
0.214034
0.239614
0.27805
0.312369
0.0933755
0.0965221
0.0960859
0.103496
0.104587
0.116048
0.120485
0.136574
0.146158
0.168302
0.185284
0.21534
0.241982
0.281712
0.318783
0.0933959
0.0965579
0.0961029
0.103555
0.104611
0.116143
0.120555
0.136759
0.146377
0.168713
0.185965
0.216429
0.243965
0.284778
0.324151
0.0934122
0.0965867
0.0961163
0.103602
0.104631
0.116224
0.120611
0.136907
0.146554
0.169043
0.186514
0.217302
0.245556
0.287242
0.32846
0.0934244
0.0966085
0.0961263
0.103637
0.104647
0.116285
0.120653
0.137019
0.146687
0.16929
0.186927
0.217956
0.246754
0.289095
0.3317
0.0934325
0.0966231
0.0961329
0.103661
0.104657
0.116326
0.120681
0.137094
0.146775
0.169455
0.187204
0.218393
0.247553
0.290334
0.333863
0.0934365
0.0966304
0.0961362
0.103673
0.104662
0.116346
0.120695
0.137131
0.14682
0.169537
0.187342
0.218612
0.247954
0.290955
0.334946
0.0825898
0.0810315
0.0786473
0.0749997
0.0703497
0.0645978
0.0578944
0.0503416
0.0422419
0.0337662
0.0251923
0.0167112
0.00855134
0.000818986
-0.00637081
0.0827202
0.0811799
0.0788655
0.0752602
0.0706889
0.064997
0.0583446
0.0508188
0.0427253
0.0342151
0.0255813
0.0170127
0.00874887
0.00089321
-0.00642975
0.0829618
0.0814578
0.0792678
0.0757417
0.0713192
0.06574
0.0591849
0.0517157
0.0436366
0.0350683
0.026326
0.0175974
0.00913814
0.00105186
-0.00651985
0.0832941
0.0818437
0.0798226
0.0764055
0.0721996
0.0667775
0.0603689
0.0529897
0.0449397
0.0362979
0.0274109
0.0184608
0.00972562
0.00131086
-0.006618
0.0836968
0.0823192
0.0805
0.0772171
0.0732931
0.068065
0.0618575
0.0546058
0.0466065
0.0378859
0.0288309
0.0196079
0.010525
0.00169122
-0.00669558
0.0841514
0.0828681
0.0812718
0.0781464
0.0745655
0.0695614
0.0636175
0.0565333
0.0486144
0.0398214
0.0305882
0.0210504
0.0115565
0.00222011
-0.00671993
0.0846413
0.0834764
0.0821107
0.0791683
0.0759838
0.0712285
0.0656189
0.0587427
0.0509448
0.0420981
0.0326898
0.0228047
0.0128457
0.00292915
-0.00665571
0.0851519
0.0841318
0.0829912
0.0802624
0.0775155
0.0730324
0.0678336
0.0612046
0.0535821
0.0447122
0.0351445
0.0248897
0.0144218
0.00385328
-0.00646552
0.0856712
0.0848228
0.0838903
0.0814127
0.0791278
0.0749441
0.070233
0.0638888
0.0565118
0.0476595
0.0379618
0.0273265
0.016317
0.00502987
-0.00611017
0.0861892
0.0855391
0.0847878
0.082606
0.0807883
0.0769403
0.072786
0.066765
0.0597199
0.0509331
0.0411506
0.0301368
0.0185655
0.00649816
-0.00554876
0.0866984
0.0862705
0.0856675
0.0838308
0.0824667
0.0790026
0.0754591
0.0698049
0.0631895
0.054522
0.0447192
0.0333421
0.0212021
0.00829883
-0.00473847
0.0871932
0.0870073
0.0865169
0.0850767
0.0841352
0.0811159
0.078216
0.0729835
0.0668991
0.058411
0.0486744
0.0369618
0.0242621
0.0104739
-0.0036343
0.0876698
0.0877399
0.0873272
0.0863331
0.0857709
0.0832669
0.0810194
0.0762795
0.0708203
0.0625826
0.05302
0.0410117
0.0277808
0.0130665
-0.00218903
0.0881258
0.0884594
0.0880935
0.0875892
0.0873553
0.0854425
0.0838332
0.0796746
0.0749177
0.0670186
0.057754
0.0455026
0.0317936
0.0161205
-0.000353386
0.0885598
0.0891576
0.0888133
0.0888338
0.0888755
0.0876285
0.086625
0.0831513
0.0791504
0.0717017
0.0628649
0.0504413
0.0363358
0.0196793
0.00192399
0.0889713
0.0898275
0.0894871
0.0900554
0.0903232
0.0898098
0.0893672
0.0866912
0.0834748
0.0766156
0.0683305
0.0558321
0.0414408
0.0237847
0.00469729
0.08936
0.0904633
0.0901168
0.0912426
0.0916942
0.09197
0.092038
0.0902736
0.0878477
0.081743
0.0741168
0.0616789
0.0471354
0.028476
0.00802478
0.0897259
0.0910609
0.0907053
0.092385
0.0929868
0.0940916
0.0946216
0.0938747
0.0922291
0.0870635
0.080181
0.0679861
0.0534357
0.0337914
0.0119697
0.0900694
0.0916178
0.0912552
0.0934738
0.0942025
0.0961566
0.0971067
0.0974679
0.0965846
0.0925513
0.0864756
0.0747566
0.0603426
0.03977
0.0165996
0.0903908
0.092133
0.0917689
0.0945027
0.0953444
0.098148
0.0994856
0.101024
0.100885
0.0981738
0.0929525
0.0819891
0.0678409
0.046454
0.0219825
0.0906908
0.0926064
0.0922483
0.0954678
0.0964155
0.100051
0.101754
0.104512
0.105106
0.103891
0.0995664
0.0896746
0.0759025
0.0538905
0.0281813
0.09097
0.0930392
0.092695
0.0963671
0.0974183
0.101855
0.103912
0.107902
0.109227
0.109653
0.106276
0.0977931
0.0844921
0.0621333
0.0352479
0.0912291
0.093433
0.0931104
0.0972006
0.098355
0.103552
0.105957
0.111168
0.113232
0.115405
0.113041
0.106308
0.0935736
0.071243
0.043225
0.0914688
0.0937899
0.0934957
0.0979695
0.0992271
0.105139
0.10789
0.114288
0.117106
0.121091
0.119823
0.115162
0.103111
0.0812802
0.0521568
0.09169
0.0941123
0.0938521
0.0986758
0.100036
0.106613
0.109709
0.117247
0.120837
0.126657
0.126585
0.124277
0.113062
0.0922876
0.0620852
0.0918932
0.0944027
0.0941806
0.0993226
0.100785
0.107977
0.111414
0.120034
0.124413
0.132058
0.133292
0.133571
0.123387
0.104265
0.0729667
0.0920795
0.0946637
0.094483
0.0999129
0.101475
0.109234
0.113007
0.122646
0.127828
0.137259
0.139919
0.142959
0.13407
0.117175
0.0844931
0.0922498
0.0948972
0.0947615
0.10045
0.102111
0.110389
0.114496
0.125083
0.131079
0.142229
0.146437
0.152332
0.145116
0.13104
0.096009
0.0924049
0.0951047
0.0950158
0.100933
0.102688
0.111436
0.115868
0.127326
0.134122
0.146896
0.152734
0.161512
0.156468
0.146218
0.107474
0.0925446
0.0952914
0.0952334
0.101365
0.10318
0.112357
0.117046
0.12932
0.136822
0.151162
0.158584
0.170386
0.168021
0.163661
0.122649
-0.0106347
-0.0121692
-0.0136873
-0.0151861
-0.0166758
-0.0181626
-0.0196463
-0.021124
-0.0225935
-0.0240531
-0.0255018
-0.0269386
-0.0283623
-0.0297717
-0.0311657
-0.0325432
-0.033903
-0.035244
-0.0365652
-0.0378657
-0.0107695
-0.0123134
-0.0138348
-0.0153402
-0.0168414
-0.0183431
-0.0198433
-0.0213388
-0.0228275
-0.024308
-0.0257793
-0.0272402
-0.0286894
-0.0301256
-0.0315476
-0.0329541
-0.0343438
-0.0357156
-0.0370684
-0.0384011
-0.0110125
-0.0125907
-0.0141355
-0.0156707
-0.0172102
-0.0187544
-0.0202984
-0.021838
-0.0233714
-0.0248975
-0.0264154
-0.0279236
-0.0294209
-0.0309055
-0.0323762
-0.0338314
-0.03527
-0.0366905
-0.0380915
-0.0394722
-0.0113368
-0.0129736
-0.0145602
-0.0161438
-0.0177417
-0.019349
-0.0209567
-0.0225598
-0.0241566
-0.0257469
-0.0273296
-0.0289034
-0.0304666
-0.0320175
-0.0335546
-0.0350765
-0.0365818
-0.0380691
-0.039537
-0.0409847
-0.0117095
-0.0134292
-0.015077
-0.0167286
-0.0184056
-0.0200972
-0.0217896
-0.0234764
-0.0251568
-0.0268311
-0.0284985
-0.0301574
-0.0318059
-0.0334423
-0.0350649
-0.0366723
-0.0382631
-0.0398356
-0.0413885
-0.0429209
-0.0120963
-0.013924
-0.0156548
-0.0173954
-0.0191728
-0.0209699
-0.0227677
-0.0245586
-0.0263425
-0.0281205
-0.029892
-0.0316552
-0.033408
-0.0351485
-0.0368751
-0.0385863
-0.0402805
-0.0419563
-0.043612
-0.0452472
-0.0124618
-0.0144246
-0.0162628
-0.0181154
-0.0200152
-0.0219396
-0.0238642
-0.0257801
-0.0276883
-0.0295905
-0.0314863
-0.0333736
-0.0352502
-0.0371143
-0.038964
-0.0407979
-0.0426144
-0.0444119
-0.0461887
-0.047945
-0.0127693
-0.0148968
-0.0168708
-0.0188603
-0.0209061
-0.0229804
-0.025054
-0.0271171
-0.0291714
-0.0312193
-0.0332604
-0.0352926
-0.0373136
-0.0393212
-0.041314
-0.0432902
-0.0452483
-0.0471867
-0.0491033
-0.0509994
-0.0129806
-0.0153056
-0.0174481
-0.0196028
-0.0218194
-0.0240672
-0.0263135
-0.0285474
-0.030771
-0.0329873
-0.0351962
-0.0373952
-0.039582
-0.0417545
-0.043911
-0.0460502
-0.0481702
-0.0502693
-0.0523447
-0.0544001
-0.0130562
-0.015615
-0.017964
-0.0203155
-0.0227296
-0.0251761
-0.0276201
-0.03005
-0.032468
-0.0348772
-0.0372775
-0.0396667
-0.0420421
-0.0444021
-0.0467448
-0.0490686
-0.0513716
-0.0536513
-0.0559037
-0.0581384
-0.0129545
-0.0157875
-0.0183873
-0.0209713
-0.0236117
-0.0262835
-0.0289523
-0.0316055
-0.0342448
-0.0368729
-0.0394898
-0.0420934
-0.0446815
-0.0472528
-0.049806
-0.0523405
-0.0548546
-0.0573447
-0.0597865
-0.0622175
-0.012632
-0.0157846
-0.0186867
-0.0215437
-0.0244415
-0.027367
-0.0302898
-0.0331963
-0.036086
-0.0389609
-0.0418207
-0.0446636
-0.0474876
-0.0502906
-0.053071
-0.0558267
-0.0585564
-0.0612607
-0.0639656
-0.0666369
-0.0120429
-0.0155659
-0.0188302
-0.0220057
-0.0251945
-0.0284046
-0.0316137
-0.0348068
-0.0379798
-0.0411327
-0.0442655
-0.0473774
-0.0504669
-0.0535327
-0.0565735
-0.0595883
-0.0625765
-0.065538
-0.0684817
-0.0713976
-0.0111387
-0.0150889
-0.0187845
-0.0223298
-0.025846
-0.0293739
-0.0329049
-0.0364216
-0.0399135
-0.0433781
-0.0468159
-0.0502274
-0.0536122
-0.0569692
-0.0602971
-0.0635946
-0.0668608
-0.0700949
-0.0733087
-0.0764959
-0.0098685
-0.0143088
-0.018515
-0.0224876
-0.0263703
-0.0302521
-0.0341445
-0.0380257
-0.0418758
-0.0456884
-0.0494653
-0.0532091
-0.0569207
-0.060599
-0.0642425
-0.0678499
-0.0714202
-0.0749516
-0.0784621
-0.0819463
-0.00817834
-0.0131789
-0.017986
-0.0224494
-0.0267408
-0.0310161
-0.0353143
-0.0396057
-0.0438571
-0.0480573
-0.0522102
-0.0563221
-0.0603948
-0.064427
-0.0684171
-0.0723635
-0.0762653
-0.0801181
-0.0839518
-0.087761
-0.00601194
-0.011651
-0.0171607
-0.0221844
-0.0269296
-0.0316426
-0.036397
-0.0411499
-0.0458496
-0.05048
-0.0550495
-0.0595684
-0.0640404
-0.0684637
-0.0728356
-0.0771517
-0.081407
-0.0855979
-0.0897808
-0.093946
-0.00331167
-0.00967675
-0.0160013
-0.0216593
-0.0269069
-0.0321079
-0.0373762
-0.0426479
-0.0478471
-0.0529535
-0.0579822
-0.0629489
-0.0678591
-0.0727126
-0.0775123
-0.0822584
-0.0869394
-0.0914692
-0.0960158
-0.100554
-2.066e-05
-0.00720889
-0.0144681
-0.020837
-0.0266401
-0.0323882
-0.038237
-0.0440911
-0.0498458
-0.0554789
-0.0610139
-0.0664712
-0.0718534
-0.0771545
-0.0823671
-0.0874917
-0.0925471
-0.0976679
-0.102688
-0.107613
0.00391416
-0.00420216
-0.0125183
-0.0196757
-0.0260937
-0.0324585
-0.0389643
-0.0454711
-0.0518433
-0.0580607
-0.0641591
-0.0701641
-0.0760779
-0.0818956
-0.0876155
-0.0932425
-0.0987823
-0.104296
-0.109737
-0.115091
0.00854261
-0.000611469
-0.0101053
-0.0181287
-0.025229
-0.0322922
-0.0395409
-0.0467772
-0.053834
-0.0606998
-0.0674249
-0.0740381
-0.0805385
-0.0869185
-0.0931746
-0.0993087
-0.10532
-0.111301
-0.117217
-0.123037
0.0139077
0.00360538
-0.00718011
-0.0161447
-0.0240035
-0.0318602
-0.0399472
-0.0479946
-0.0558085
-0.0633935
-0.0708146
-0.0781011
-0.0852475
-0.0922445
-0.0990862
-0.105766
-0.112278
-0.118771
-0.125196
-0.131505
0.0200444
0.00848618
-0.00369134
-0.0136672
-0.0223719
-0.0311322
-0.0401613
-0.0491059
-0.0577559
-0.0661397
-0.0743341
-0.0823635
-0.0902188
-0.097899
-0.105412
-0.112755
-0.119783
-0.126811
-0.133758
-0.140559
0.0269842
0.0140674
0.000418504
-0.0106328
-0.0202866
-0.0300769
-0.0401577
-0.0500895
-0.0596642
-0.0689396
-0.0779961
-0.0868429
-0.0954573
-0.103821
-0.111932
-0.119814
-0.127752
-0.135472
-0.142956
-0.150249
0.0347609
0.0203999
0.00523094
-0.00696137
-0.017694
-0.0286588
-0.039904
-0.0509169
-0.0615172
-0.0717937
-0.0818194
-0.091587
-0.101071
-0.11026
-0.119161
-0.127785
-0.136357
-0.144709
-0.152783
-0.160614
0.0433972
0.0275644
0.0108727
-0.00254192
-0.0145242
-0.0268276
-0.0393512
-0.0515453
-0.063288
-0.0746903
-0.0858041
-0.0966053
-0.107067
-0.117172
-0.126901
-0.13625
-0.145541
-0.154597
-0.163314
-0.171717
0.0528283
0.0356318
0.0175012
0.00276858
-0.0106848
-0.0245142
-0.0384361
-0.051928
-0.0649507
-0.0776155
-0.0899387
-0.101884
-0.113438
-0.124607
-0.135382
-0.145504
-0.155572
-0.165343
-0.174702
-0.183687
0.0627433
0.0444941
0.0252105
0.00912143
-0.00603897
-0.0215743
-0.0370144
-0.0519501
-0.066423
-0.0805113
-0.094188
-0.107398
-0.120086
-0.132205
-0.14377
-0.155388
-0.166492
-0.177
-0.187011
-0.196607
0.0725334
0.0536048
0.0337438
0.0163374
-0.000731644
-0.0180783
-0.0351326
-0.0516696
-0.067762
-0.0834295
-0.0986279
-0.113324
-0.127474
-0.140995
-0.153721
-0.16626
-0.178231
-0.189524
-0.200248
-0.210488
0.08199
0.0630198
0.0434798
0.0247802
0.00580477
-0.0132782
-0.032013
-0.0503104
-0.0681782
-0.0855654
-0.102413
-0.118702
-0.134429
-0.149581
-0.163885
-0.177827
-0.190892
-0.203078
-0.214566
-0.225452
-0.0391451
-0.0404025
-0.0416366
-0.0428466
-0.0440318
-0.0451914
-0.0463249
-0.0474317
-0.0485111
-0.0495626
-0.0505857
-0.0515799
-0.0525449
-0.0534802
-0.0543855
-0.0552604
-0.0561047
-0.056918
-0.0577006
-0.0584524
-0.0397124
-0.0410012
-0.0422666
-0.0435077
-0.0447236
-0.0459135
-0.0470765
-0.048212
-0.0493193
-0.0503976
-0.0514465
-0.0524654
-0.0534538
-0.0544113
-0.0553376
-0.0562322
-0.057095
-0.0579257
-0.0587248
-0.0594935
-0.0408315
-0.0421682
-0.0434811
-0.0447691
-0.0460314
-0.047267
-0.0484751
-0.0496551
-0.0508062
-0.0519278
-0.0530192
-0.0540801
-0.05511
-0.0561084
-0.0570751
-0.0580098
-0.0589124
-0.0597828
-0.0606224
-0.0614341
-0.0424107
-0.0438138
-0.0451927
-0.0465465
-0.0478742
-0.0491749
-0.0504477
-0.051692
-0.052907
-0.0540921
-0.0552467
-0.0563703
-0.0574626
-0.0585231
-0.0595516
-0.0605478
-0.0615118
-0.0624436
-0.0633457
-0.0642237
-0.0444317
-0.0459192
-0.0473823
-0.0488199
-0.050231
-0.0516148
-0.0529704
-0.0542971
-0.0555942
-0.0568611
-0.0580973
-0.0593023
-0.0604758
-0.0616174
-0.062727
-0.0638043
-0.0648497
-0.0658633
-0.0668491
-0.0678163
-0.0468605
-0.0484503
-0.0500153
-0.0515545
-0.0530669
-0.0545518
-0.0560082
-0.0574356
-0.0588332
-0.0602005
-0.0615371
-0.0628425
-0.0641165
-0.0653588
-0.0665694
-0.067748
-0.0688953
-0.0700117
-0.0711032
-0.0721831
-0.0496793
-0.0513898
-0.0530751
-0.0547342
-0.0563664
-0.0579707
-0.0595466
-0.0610934
-0.0626104
-0.0640972
-0.0655534
-0.0669788
-0.068373
-0.069736
-0.0710678
-0.0723682
-0.0736382
-0.0748784
-0.0760974
-0.0773133
-0.0528735
-0.0547236
-0.056548
-0.058346
-0.0601168
-0.0618597
-0.0635742
-0.0652595
-0.0669154
-0.0685414
-0.0701373
-0.0717028
-0.073238
-0.0747427
-0.0762172
-0.0776616
-0.0790771
-0.0804647
-0.0818361
-0.0832156
-0.0564339
-0.0584433
-0.0604265
-0.0623828
-0.0643118
-0.0662129
-0.0680857
-0.0699298
-0.0717448
-0.0735305
-0.0752868
-0.0770138
-0.0787115
-0.08038
-0.0820199
-0.0836314
-0.0852162
-0.0867759
-0.088326
-0.089898
-0.0603532
-0.0625433
-0.0647061
-0.0668412
-0.0689487
-0.0710285
-0.0730804
-0.0751039
-0.077099
-0.0790657
-0.0810041
-0.0829145
-0.0847973
-0.0866527
-0.0884816
-0.0902844
-0.0920637
-0.0938214
-0.0955778
-0.0973727
-0.0646331
-0.0670241
-0.0693872
-0.071722
-0.0740291
-0.0763085
-0.0785605
-0.0807849
-0.0829818
-0.0851515
-0.0872945
-0.0894113
-0.0915025
-0.0935688
-0.0956114
-0.0976309
-0.0996311
-0.101614
-0.103606
-0.105657
-0.0692754
-0.071886
-0.0744696
-0.0770259
-0.0795547
-0.0820559
-0.0845301
-0.0869776
-0.0893989
-0.0917946
-0.0941654
-0.0965123
-0.0988364
-0.101139
-0.103421
-0.105684
-0.107932
-0.110169
-0.112428
-0.11477
-0.0742828
-0.0771381
-0.0799649
-0.082764
-0.0855357
-0.0882805
-0.090999
-0.0936918
-0.0963599
-0.0990045
-0.101627
-0.104228
-0.10681
-0.109373
-0.111921
-0.114455
-0.116981
-0.119503
-0.122061
-0.12473
-0.0796519
-0.0827761
-0.0858701
-0.0889356
-0.0919737
-0.0949852
-0.0979712
-0.100933
-0.103871
-0.106789
-0.109687
-0.112567
-0.115432
-0.118284
-0.121125
-0.123958
-0.12679
-0.129628
-0.13252
-0.135555
-0.0853979
-0.0888151
-0.0922
-0.0955551
-0.0988823
-0.102183
-0.105459
-0.108713
-0.111945
-0.115159
-0.118356
-0.12154
-0.124714
-0.127879
-0.131041
-0.134201
-0.13737
-0.140554
-0.143814
-0.147256
-0.0915348
-0.0952696
-0.0989684
-0.102635
-0.106274
-0.109887
-0.113475
-0.117042
-0.12059
-0.124123
-0.127644
-0.131155
-0.134661
-0.138166
-0.141674
-0.14519
-0.148725
-0.152287
-0.15595
-0.159837
-0.0980709
-0.102149
-0.106186
-0.110188
-0.114161
-0.118107
-0.122029
-0.125931
-0.129816
-0.133689
-0.137554
-0.141416
-0.145278
-0.149146
-0.153026
-0.156922
-0.16085
-0.16482
-0.168918
-0.173289
-0.105045
-0.109484
-0.113878
-0.118236
-0.122561
-0.126859
-0.131134
-0.13539
-0.139631
-0.143863
-0.148091
-0.152321
-0.15656
-0.160813
-0.165088
-0.169389
-0.173737
-0.17814
-0.182703
-0.187591
-0.112476
-0.117291
-0.122062
-0.126793
-0.13149
-0.136157
-0.140801
-0.145426
-0.150039
-0.154647
-0.159255
-0.16387
-0.1685
-0.173152
-0.177837
-0.182563
-0.187353
-0.192217
-0.197275
-0.202709
-0.120371
-0.12559
-0.130758
-0.13588
-0.140964
-0.146015
-0.151039
-0.156046
-0.161042
-0.166035
-0.171035
-0.176049
-0.181085
-0.186152
-0.19126
-0.196418
-0.201657
-0.206995
-0.212571
-0.218583
-0.128761
-0.134407
-0.139988
-0.145517
-0.150999
-0.156444
-0.16186
-0.167255
-0.172638
-0.178021
-0.183412
-0.188825
-0.19427
-0.199765
-0.205313
-0.210929
-0.216629
-0.222449
-0.228537
-0.235146
-0.137692
-0.143779
-0.149788
-0.155732
-0.161621
-0.167463
-0.173271
-0.179056
-0.184829
-0.190602
-0.196383
-0.202189
-0.208024
-0.213926
-0.21989
-0.225974
-0.232155
-0.238512
-0.245125
-0.252358
-0.147216
-0.153756
-0.1602
-0.166562
-0.172854
-0.179088
-0.185279
-0.191442
-0.197591
-0.203745
-0.209911
-0.216116
-0.222348
-0.228654
-0.234995
-0.241496
-0.248079
-0.254987
-0.26213
-0.270101
-0.157384
-0.164384
-0.171265
-0.178041
-0.184728
-0.191342
-0.197898
-0.204414
-0.210907
-0.217401
-0.22391
-0.23048
-0.237095
-0.24384
-0.250606
-0.257584
-0.264513
-0.27192
-0.279412
-0.288217
-0.168246
-0.175709
-0.183023
-0.190204
-0.19727
-0.204241
-0.211137
-0.217979
-0.224782
-0.231574
-0.238362
-0.245204
-0.252085
-0.259154
-0.266277
-0.273804
-0.281201
-0.289332
-0.297066
-0.306781
-0.179864
-0.187792
-0.195526
-0.203087
-0.210499
-0.217786
-0.224974
-0.232092
-0.239162
-0.246215
-0.253257
-0.260337
-0.267417
-0.274651
-0.28187
-0.289624
-0.297236
-0.306191
-0.314297
-0.325412
-0.192356
-0.200741
-0.208871
-0.216772
-0.224472
-0.232003
-0.239397
-0.24669
-0.253919
-0.261127
-0.268346
-0.275631
-0.282958
-0.290446
-0.297864
-0.305725
-0.31317
-0.322314
-0.330173
-0.343006
-0.205819
-0.214667
-0.223177
-0.231383
-0.239316
-0.247013
-0.254509
-0.261847
-0.26907
-0.276233
-0.283391
-0.290626
-0.297986
-0.305617
-0.313405
-0.321748
-0.329716
-0.339231
-0.34647
-0.360317
-0.220266
-0.229592
-0.238488
-0.246987
-0.255123
-0.262934
-0.270459
-0.277737
-0.284814
-0.291738
-0.298566
-0.305372
-0.312241
-0.319323
-0.32671
-0.334797
-0.343248
-0.353567
-0.36204
-0.377177
-0.235758
-0.245499
-0.254704
-0.263405
-0.271637
-0.279441
-0.286858
-0.293933
-0.300709
-0.307231
-0.313543
-0.319694
-0.325745
-0.331776
-0.337898
-0.344328
-0.351232
-0.359583
-0.368388
-0.383682
-0.0596466
-0.0611875
-0.0626011
-0.0638503
-0.0649018
-0.0657246
-0.0662874
-0.0665563
-0.0664956
-0.0660719
-0.0652556
-0.0640241
-0.0623617
-0.0602643
-0.057737
-0.0548021
-0.0514907
-0.0478554
-0.0439512
-0.0398559
-0.0356362
-0.0313833
-0.0271538
-0.0230346
-0.0190473
-0.0152602
-0.0116345
-0.0082156
-0.00488489
-0.00167778
-0.0607267
-0.0623048
-0.0637314
-0.0649775
-0.0660177
-0.066824
-0.0673641
-0.067601
-0.0674968
-0.0670172
-0.0661326
-0.0648214
-0.063069
-0.0608733
-0.0582416
-0.0551993
-0.0517809
-0.0480428
-0.0440436
-0.0398649
-0.035576
-0.0312704
-0.0270051
-0.0228675
-0.0188769
-0.0151012
-0.0114974
-0.00811147
-0.00481828
-0.00165599
-0.062753
-0.0644079
-0.0658617
-0.067104
-0.0681255
-0.0689029
-0.0694004
-0.0695761
-0.0693884
-0.0688015
-0.067786
-0.0663221
-0.0643977
-0.0620141
-0.0591833
-0.0559364
-0.0523148
-0.0483819
-0.0442037
-0.0398685
-0.0354509
-0.0310477
-0.0267174
-0.0225467
-0.0185524
-0.0147991
-0.0112388
-0.00791378
-0.00469304
-0.00161296
-0.065669
-0.0674358
-0.0689291
-0.0701649
-0.0711568
-0.0718892
-0.0723227
-0.0724074
-0.0720962
-0.071351
-0.0701433
-0.0684556
-0.0662798
-0.0636224
-0.0605023
-0.0569594
-0.0530448
-0.0488328
-0.0444
-0.039844
-0.0352466
-0.030709
-0.0262913
-0.0220784
-0.0180834
-0.0143652
-0.0108694
-0.00763184
-0.00451514
-0.00155112
-0.0694288
-0.0713417
-0.0728859
-0.0741133
-0.0750617
-0.0757318
-0.0760784
-0.0760414
-0.0755656
-0.0746104
-0.0731483
-0.0711653
-0.0686586
-0.065642
-0.0621441
-0.0582162
-0.0539231
-0.0493533
-0.0445971
-0.0397637
-0.0349438
-0.0302431
-0.0257228
-0.0214645
-0.017476
-0.0138077
-0.0103979
-0.00727336
-0.00428982
-0.00147249
-0.074005
-0.0760978
-0.077706
-0.078941
-0.079812
-0.0803983
-0.0806347
-0.080444
-0.0797608
-0.0785412
-0.0767595
-0.0744067
-0.0714872
-0.0680242
-0.0640588
-0.0596576
-0.0549028
-0.0499006
-0.0447582
-0.0395982
-0.0345212
-0.0296366
-0.0250059
-0.0207049
-0.0167343
-0.0131336
-0.0098321
-0.00684511
-0.00402179
-0.00137878
-0.0793849
-0.0816802
-0.0833311
-0.0844921
-0.0853489
-0.0858607
-0.0859714
-0.0855954
-0.0846592
-0.0831169
-0.0809462
-0.0781445
-0.0747256
-0.0707251
-0.0662
-0.0612362
-0.0559377
-0.050432
-0.044846
-0.0393173
-0.0339565
-0.0288755
-0.0241339
-0.019799
-0.0158622
-0.0123491
-0.00917905
-0.00635348
-0.00371552
-0.00127163
-0.0855869
-0.0881291
-0.0898512
-0.0909916
-0.0917492
-0.0921433
-0.0920935
-0.0914911
-0.0902498
-0.0883207
-0.0856855
-0.0823498
-0.0783392
-0.0737047
-0.0685238
-0.0629062
-0.0569823
-0.050905
-0.0448238
-0.0388917
-0.0332285
-0.0279465
-0.023101
-0.0187469
-0.0148641
-0.011461
-0.00844603
-0.00580483
-0.00337539
-0.00115258
-0.0926197
-0.0954457
-0.0972405
-0.098334
-0.0989881
-0.099244
-0.0990027
-0.0981313
-0.0965286
-0.0941429
-0.0909612
-0.0869993
-0.0822973
-0.0769259
-0.0709878
-0.0646223
-0.0579918
-0.0512782
-0.0446559
-0.0382931
-0.0323177
-0.0268385
-0.021903
-0.0175501
-0.0137453
-0.0104764
-0.00764064
-0.00520563
-0.00300581
-0.0010232
-0.100499
-0.103645
-0.105513
-0.106543
-0.107077
-0.107172
-0.106708
-0.105522
-0.103498
-0.10058
-0.0967622
-0.0920738
-0.0865724
-0.0803535
-0.073551
-0.0663406
-0.0589222
-0.0515114
-0.0443084
-0.0374961
-0.031207
-0.0255426
-0.0205383
-0.0162121
-0.0125125
-0.00940362
-0.00677098
-0.00456258
-0.00261126
-0.000885026
-0.109244
-0.11275
-0.11469
-0.115639
-0.116032
-0.115944
-0.115224
-0.113676
-0.111164
-0.107632
-0.103082
-0.0975577
-0.0911396
-0.0839536
-0.076173
-0.0680172
-0.0597307
-0.0515658
-0.0437499
-0.0364777
-0.0298826
-0.0240531
-0.0190077
-0.0147384
-0.0111739
-0.00825171
-0.00584566
-0.00388258
-0.00219627
-0.000739612
-0.118879
-0.122782
-0.124792
-0.125641
-0.125874
-0.12558
-0.12457
-0.12261
-0.119542
-0.115307
-0.109919
-0.103439
-0.0959759
-0.0876937
-0.0788138
-0.0696091
-0.0603752
-0.0514049
-0.0429517
-0.0352186
-0.0283342
-0.0223677
-0.0173149
-0.0131368
-0.00973935
-0.00703068
-0.00487371
-0.00317266
-0.00176537
-0.000588473
-0.129425
-0.133764
-0.135837
-0.136567
-0.136621
-0.1361
-0.134769
-0.132345
-0.128648
-0.123615
-0.117274
-0.109708
-0.10106
-0.0915418
-0.081434
-0.0710738
-0.0608153
-0.0509942
-0.0418882
-0.0337029
-0.0265553
-0.0204873
-0.0154665
-0.0114169
-0.00821981
-0.00575122
-0.00386443
-0.00243987
-0.00132304
-0.000433084
-0.1409
-0.145713
-0.147842
-0.148434
-0.148294
-0.147528
-0.145846
-0.142908
-0.138505
-0.132574
-0.125154
-0.116359
-0.106373
-0.0954664
-0.083994
-0.0723691
-0.0610121
-0.0503022
-0.0405378
-0.0319192
-0.0245434
-0.0184166
-0.0134718
-0.00959037
-0.00662742
-0.00442454
-0.00282726
-0.0016912
-0.000873656
-0.000274856
-0.153317
-0.158638
-0.160815
-0.161251
-0.160907
-0.159889
-0.157831
-0.154329
-0.149142
-0.142203
-0.133571
-0.12339
-0.111897
-0.0994365
-0.0864545
-0.0734541
-0.0609286
-0.0493008
-0.0388827
-0.0298601
-0.0222999
-0.0161635
-0.0113423
-0.00767044
-0.00497513
-0.00306209
-0.00177154
-0.000933408
-0.000421392
-0.000115115
-0.166678
-0.17254
-0.174754
-0.175024
-0.174477
-0.173206
-0.170758
-0.166647
-0.160594
-0.152533
-0.142541
-0.1308
-0.117615
-0.103421
-0.0887761
-0.0742884
-0.0605305
-0.0479651
-0.0369094
-0.0275226
-0.0198304
-0.0137389
-0.00909208
-0.00567151
-0.0032764
-0.00167535
-0.000706365
-0.00017293
2.98191e-05
4.49147e-05
-0.180974
-0.187405
-0.189647
-0.189747
-0.189013
-0.187509
-0.184666
-0.179905
-0.172905
-0.163599
-0.152085
-0.138594
-0.12351
-0.107389
-0.0909197
-0.0748335
-0.059786
-0.0462745
-0.0346092
-0.0249082
-0.017144
-0.0111568
-0.00673667
-0.00360886
-0.00154484
-0.000275556
0.000359599
0.000584215
0.000476352
0.000204122
-0.19618
-0.203203
-0.205464
-0.205407
-0.204523
-0.202824
-0.199598
-0.194154
-0.186127
-0.175445
-0.162233
-0.146779
-0.12957
-0.111308
-0.0928463
-0.0750519
-0.0586667
-0.0442127
-0.0319778
-0.022023
-0.0142535
-0.0084333
-0.00429307
-0.00149829
0.000206015
0.0011265
0.00141826
0.00133251
0.000914934
0.000361516
-0.212256
-0.219884
-0.22216
-0.221978
-0.221013
-0.219187
-0.215606
-0.209457
-0.200323
-0.188128
-0.173022
-0.155366
-0.135779
-0.115147
-0.0945174
-0.0749087
-0.0571476
-0.0417678
-0.0290159
-0.0188769
-0.0111749
-0.00558669
-0.00177917
0.000644324
0.00196308
0.00252067
0.00246222
0.00206702
0.00134267
0.000516222
-0.229137
-0.237375
-0.239668
-0.239423
-0.238487
-0.236634
-0.23275
-0.225884
-0.215567
-0.201713
-0.184498
-0.16437
-0.142124
-0.118874
-0.0958948
-0.074371
-0.0552081
-0.038933
-0.0257289
-0.0154842
-0.00792682
-0.00263671
0.000786656
0.00280334
0.00371391
0.00389761
0.00348486
0.00278337
0.00175709
0.000667481
-0.246734
-0.255563
-0.257893
-0.257698
-0.256952
-0.255207
-0.251093
-0.243515
-0.231949
-0.216282
-0.196714
-0.173812
-0.148592
-0.122456
-0.0969415
-0.0734087
-0.0528316
-0.0357064
-0.0221267
-0.0118623
-0.00453014
0.000395881
0.003386
0.00496367
0.00544693
0.00524887
0.0044804
0.00347786
0.00215612
0.000814642
-0.26493
-0.274288
-0.276711
-0.276753
-0.276418
-0.274948
-0.270697
-0.262435
-0.249562
-0.23192
-0.209731
-0.183712
-0.155171
-0.125861
-0.0976215
-0.0719951
-0.0500066
-0.0320912
-0.018224
-0.0080322
-0.00100755
0.0034898
0.00600079
0.00711106
0.00715161
0.00656702
0.00544392
0.00414737
0.00253812
0.000957161
-0.283538
-0.293309
-0.295948
-0.296518
-0.296876
-0.295875
-0.291609
-0.282721
-0.268502
-0.248714
-0.223604
-0.194087
-0.161843
-0.129054
-0.0979002
-0.0701074
-0.0467265
-0.0280961
-0.0140394
-0.00401741
0.00261701
0.00662366
0.00861361
0.0092323
0.00881855
0.00784565
0.0063714
0.00478942
0.00290184
0.00109459
-0.302221
-0.312255
-0.315366
-0.316865
-0.318253
-0.317942
-0.313828
-0.304412
-0.288829
-0.266726
-0.238372
-0.204942
-0.168587
-0.132
-0.0977448
-0.0677274
-0.042991
-0.0237351
-0.00959602
0.000156057
0.00631874
0.00977634
0.011208
0.0113154
0.0104396
0.00907944
0.00725966
0.00540214
0.00324645
0.0012266
-0.320513
-0.330604
-0.334645
-0.337583
-0.34034
-0.340968
-0.337235
-0.327453
-0.310532
-0.28596
-0.254034
-0.216255
-0.17536
-0.134654
-0.0971241
-0.0648428
-0.0388065
-0.0190283
-0.00492085
0.00446003
0.0100723
0.0129272
0.0137685
0.0133496
0.0120077
0.010264
0.00810629
0.00598415
0.00357143
0.00135292
-0.337675
-0.34772
-0.353383
-0.358327
-0.362724
-0.364571
-0.361518
-0.351601
-0.333437
-0.306304
-0.270508
-0.227955
-0.182102
-0.136969
-0.0960095
-0.0614485
-0.0341874
-0.0140025
-4.52718e-05
0.00886417
0.0138516
0.0160559
0.0162805
0.0153249
0.0135167
0.0113958
0.00890943
0.00653445
0.00387647
0.00147332
-0.352463
-0.362877
-0.37107
-0.378452
-0.384689
-0.388103
-0.386101
-0.376352
-0.357134
-0.327451
-0.287579
-0.239895
-0.188714
-0.138886
-0.094378
-0.0575497
-0.0291584
-0.00869218
0.00499446
0.0133358
0.0176303
0.019143
0.0187308
0.0172331
0.0149619
0.0124722
0.00966818
0.00705271
0.00416168
0.00158763
-0.363922
-0.375423
-0.387043
-0.397015
-0.405293
-0.410679
-0.410143
-0.400942
-0.380981
-0.348887
-0.304855
-0.251806
-0.195036
-0.140328
-0.0922096
-0.0531625
-0.0237552
-0.00313909
0.0101601
0.0178452
0.0213881
0.0221763
0.0211136
0.0190726
0.0163443
0.0134953
0.0103848
0.00754057
0.0044284
0.00169619
-0.371914
-0.384955
-0.400183
-0.412876
-0.423581
-0.431338
-0.432678
-0.424518
-0.404298
-0.370108
-0.321969
-0.263419
-0.200886
-0.141194
-0.0894711
-0.0482942
-0.0180018
0.00263127
0.0154314
0.0223791
0.0251186
0.025154
0.0234297
0.0208454
0.0176665
0.0144676
0.0110614
0.00799969
0.00467781
0.00179971
-0.376566
-0.391727
-0.409623
-0.425065
-0.438628
-0.448927
-0.452217
-0.445522
-0.425705
-0.390128
-0.33842
-0.274628
-0.206355
-0.141608
-0.0862452
-0.0429803
-0.0119186
0.00858475
0.0207493
0.0268593
0.0287368
0.0279963
0.0256098
0.022495
0.018884
0.0153565
0.0116749
0.0084159
0.00490136
0.00189551
-0.39168
-0.400392
-0.4156
-0.431715
-0.446297
-0.458253
-0.462091
-0.45598
-0.43649
-0.400458
-0.347048
-0.280405
-0.208743
-0.14086
-0.0832143
-0.0386857
-0.00724415
0.0130443
0.0246623
0.0301008
0.0313144
0.0300022
0.0271385
0.0236485
0.0197311
0.0159767
0.0121024
0.00871124
0.00505852
0.00196539
-0.395282
-0.407818
-0.424252
-0.441917
-0.456988
-0.468596
-0.472361
-0.465271
-0.443974
-0.405062
-0.34788
-0.277445
-0.202884
-0.13339
-0.0753604
-0.0313554
-0.000925816
0.0182029
0.0287134
0.0331995
0.0336396
0.0317222
0.0283982
0.024568
0.020393
0.0164517
0.0124272
0.00893161
0.00517527
0.00201781
-0.399948
-0.415203
-0.432679
-0.451303
-0.468025
-0.47842
-0.481278
-0.472663
-0.448983
-0.4065
-0.344865
-0.270246
-0.192851
-0.122375
-0.0648724
-0.022271
0.00645452
0.0239429
0.0330447
0.0364013
0.0359693
0.0334063
0.029613
0.0254447
0.0210204
0.0168988
0.0127322
0.0091369
0.00528396
0.00206755
-0.405218
-0.422424
-0.440778
-0.460007
-0.476371
-0.486734
-0.48859
-0.478532
-0.452725
-0.407081
-0.341474
-0.263042
-0.18312
-0.111822
-0.0548739
-0.0136145
0.0135013
0.0294396
0.0372034
0.0394767
0.0382106
0.035032
0.0307896
0.0262961
0.0216302
0.0173333
0.0130282
0.00933589
0.00538927
0.00211644
-0.410778
-0.429584
-0.448755
-0.468298
-0.484344
-0.494025
-0.494735
-0.483115
-0.455154
-0.406453
-0.337136
-0.255252
-0.173209
-0.101383
-0.0451288
-0.00523776
0.0203026
0.0347444
0.0412208
0.0424521
0.0403856
0.0366134
0.0319356
0.0271254
0.0222236
0.0177553
0.0133148
0.00952814
0.00549078
0.00216418
-0.416775
-0.436725
-0.456527
-0.476075
-0.491599
-0.500328
-0.499666
-0.486281
-0.456019
-0.404235
-0.331335
-0.246305
-0.162532
-0.0905258
-0.0352176
0.0031533
0.0270445
0.0399644
0.0451532
0.0453552
0.0425037
0.0381508
0.0330481
0.027929
0.0227972
0.0181618
0.0135901
0.00971221
0.0055877
0.00221038
-0.423142
-0.44374
-0.46393
-0.483203
-0.497963
-0.505529
-0.503266
-0.487924
-0.455219
-0.400359
-0.32406
-0.236284
-0.151198
-0.0793401
-0.0252015
0.0115205
0.0337032
0.0450828
0.0489877
0.048174
0.0445544
0.0396364
0.0341216
0.028703
0.0233485
0.0185514
0.013853
0.00988745
0.00567974
0.00225487
-0.429664
-0.450412
-0.470741
-0.489497
-0.503287
-0.509497
-0.505446
-0.48798
-0.452707
-0.394777
-0.315375
-0.225341
-0.139402
-0.0680185
-0.0152391
0.0197481
0.0402001
0.0500481
0.0526911
0.0508877
0.046525
0.0410625
0.0351511
0.0294442
0.0238755
0.0189226
0.0141028
0.0100534
0.00576672
0.00229747
-0.435981
-0.456452
-0.476687
-0.494723
-0.507381
-0.512095
-0.506117
-0.486387
-0.448449
-0.387482
-0.305355
-0.213596
-0.127282
-0.0566958
-0.0054434
0.0277505
0.0464738
0.054818
0.0562351
0.0534785
0.0484044
0.0424219
0.036132
0.0301497
0.024376
0.0192741
0.0143387
0.0102096
0.00584842
0.002338
-0.44162
-0.461542
-0.481485
-0.49864
-0.510054
-0.513179
-0.505195
-0.483111
-0.442428
-0.378548
-0.294134
-0.201206
-0.114994
-0.0455051
0.00408158
0.0354511
0.0524697
0.0593544
0.0595941
0.0559296
0.0501813
0.0437071
0.0370592
0.0308157
0.0248477
0.0196044
0.0145596
0.0103554
0.00592458
0.00237626
-0.446133
-0.46536
-0.484884
-0.501043
-0.511153
-0.512659
-0.502635
-0.478127
-0.434709
-0.368125
-0.281918
-0.188382
-0.102727
-0.0346028
0.0132184
0.0427661
0.0581292
0.0636176
0.0627411
0.0582233
0.051844
0.0449101
0.0379273
0.0314386
0.025288
0.0199117
0.0147648
0.0104903
0.00599493
0.00241203
-0.449289
-0.467619
-0.48669
-0.501811
-0.510623
-0.510522
-0.498445
-0.471508
-0.42546
-0.35643
-0.268978
-0.175383
-0.0907009
-0.0241591
0.0218418
0.049607
0.0633909
0.0675658
0.0656488
0.0603414
0.0533804
0.0460229
0.0387306
0.0320146
0.0256945
0.0201946
0.014953
0.0106137
0.00605923
0.00244507
-0.450807
-0.468286
-0.48683
-0.500916
-0.508445
-0.506774
-0.492742
-0.46349
-0.415066
-0.343743
-0.255641
-0.162517
-0.0791511
-0.0143493
0.0298274
0.0558867
0.068195
0.0711588
0.0682908
0.0622665
0.0547788
0.0470372
0.0394634
0.0325397
0.0260645
0.0204513
0.0151235
0.0107251
0.00611721
0.00247518
-0.450068
-0.467568
-0.485404
-0.498487
-0.504805
-0.501628
-0.485728
-0.454224
-0.403405
-0.330984
-0.242365
-0.150116
-0.0683246
-0.0053465
0.0370565
0.0615244
0.0724867
0.0743599
0.0706431
0.0639823
0.0560279
0.0479452
0.0401202
0.03301
0.0263954
0.0206803
0.0152753
0.010824
0.00616862
0.00250213
-0.448081
-0.465499
-0.482654
-0.494823
-0.50005
-0.495462
-0.477852
-0.444322
-0.391452
-0.317866
-0.229696
-0.138553
-0.0584623
0.0026849
0.0434219
0.0664493
0.0762192
0.0771385
0.0726853
0.0654749
0.0571176
0.0487393
0.0406954
0.0334217
0.0266847
0.0208799
0.0154073
0.0109097
0.00621321
0.00252569
-0.445168
-0.462474
-0.479004
-0.490372
-0.494647
-0.488751
-0.469643
-0.434359
-0.379848
-0.305493
-0.217678
-0.12828
-0.0497987
0.00959849
0.0488335
0.0706053
0.0793568
0.0794714
0.0744016
0.0667326
0.0580391
0.0494127
0.0411839
0.0337713
0.02693
0.0210488
0.0155188
0.010982
0.00625076
0.00254568
-0.441817
-0.459022
-0.475003
-0.485702
-0.489166
-0.4821
-0.461767
-0.425038
-0.369267
-0.294517
-0.207275
-0.119345
-0.0426086
0.0152702
0.0532227
0.0739528
0.0818761
0.0813436
0.0757814
0.0677469
0.0587849
0.0499593
0.041581
0.0340554
0.0271292
0.0211856
0.015609
0.0110403
0.00628107
0.00256191
-0.438611
-0.45573
-0.471264
-0.481445
-0.484264
-0.476132
-0.454965
-0.417133
-0.360457
-0.285537
-0.198966
-0.112245
-0.0370404
0.0196064
0.0565424
0.0764694
0.0837655
0.0827478
0.0768183
0.0685117
0.0593492
0.050374
0.0418827
0.0342711
0.0272804
0.0212893
0.0156773
0.0110843
0.00630396
0.00257422
-0.436107
-0.453158
-0.468376
-0.478203
-0.480585
-0.47181
-0.449959
-0.411375
-0.354121
-0.279152
-0.193141
-0.107367
-0.0332146
0.0225359
0.0587647
0.0781467
0.0850227
0.0836825
0.0775099
0.0690232
0.0597278
0.0506528
0.0420857
0.0344163
0.027382
0.0213589
0.0157231
0.0111139
0.00631929
0.0025825
-0.434737
-0.451749
-0.466803
-0.476452
-0.478623
-0.46971
-0.447315
-0.408337
-0.350803
-0.275832
-0.190134
-0.104882
-0.0312627
0.0240076
0.0598776
0.0789846
0.0856501
0.0841491
0.0778556
0.0692794
0.0599178
0.0507929
0.0421878
0.0344893
0.0274331
0.0213939
0.0157461
0.0111287
0.00632699
0.00258667
)
;

boundaryField
{
    inlet
    {
        type            zeroGradient;
    }
    outlet
    {
        type            fixedValue;
        value           uniform 0;
    }
    cylinder
    {
        type            zeroGradient;
    }
    top
    {
        type            symmetryPlane;
    }
    bottom
    {
        type            symmetryPlane;
    }
    defaultFaces
    {
        type            empty;
    }
}


// ************************************************************************* //
