/*--------------------------------*- C++ -*----------------------------------*\
  =========                 |
  \\      /  F ield         | OpenFOAM: The Open Source CFD Toolbox
   \\    /   O peration     | Website:  https://openfoam.org
    \\  /    A nd           | Version:  7
     \\/     M anipulation  |
\*---------------------------------------------------------------------------*/
FoamFile
{
    version     2.0;
    format      ascii;
    class       volScalarField;
    location    "5";
    object      p;
}
// * * * * * * * * * * * * * * * * * * * * * * * * * * * * * * * * * * * * * //

dimensions      [0 2 -2 0 0 0 0];

internalField   nonuniform List<scalar> 
8500
(
-0.298156
-0.309674
-0.32092
-0.33971
-0.365846
-0.398767
-0.437386
-0.479899
-0.523818
-0.565429
-0.301573
-0.312712
-0.323824
-0.34253
-0.368648
-0.401632
-0.440408
-0.483159
-0.527338
-0.569279
-0.308103
-0.318501
-0.329349
-0.347879
-0.373939
-0.407006
-0.446033
-0.489178
-0.533772
-0.576248
-0.317182
-0.326507
-0.336967
-0.355218
-0.381139
-0.414237
-0.453497
-0.497063
-0.542063
-0.585048
-0.328055
-0.33602
-0.345974
-0.363824
-0.389481
-0.422473
-0.461816
-0.505679
-0.550951
-0.594108
-0.339874
-0.346245
-0.355578
-0.372888
-0.398103
-0.430774
-0.469928
-0.513805
-0.559196
-0.601864
-0.351799
-0.356395
-0.364993
-0.381599
-0.406148
-0.438217
-0.47682
-0.52026
-0.565726
-0.606976
-0.363084
-0.365782
-0.373526
-0.389235
-0.412849
-0.443979
-0.481638
-0.524007
-0.569608
-0.608495
-0.373107
-0.373901
-0.38065
-0.395233
-0.417597
-0.4474
-0.483734
-0.524314
-0.569922
-0.606018
-0.381484
-0.380439
-0.386069
-0.399208
-0.419992
-0.448045
-0.482678
-0.521018
-0.565462
-0.599562
-0.388008
-0.385294
-0.389643
-0.401064
-0.419879
-0.445718
-0.478256
-0.513729
-0.556786
-0.58829
-0.392657
-0.388555
-0.391494
-0.400899
-0.417341
-0.440478
-0.470585
-0.502637
-0.544153
-0.572611
-0.395558
-0.390451
-0.391915
-0.399033
-0.412716
-0.432685
-0.460033
-0.488395
-0.528071
-0.55362
-0.396952
-0.391279
-0.391294
-0.395947
-0.406551
-0.422979
-0.447213
-0.471952
-0.509542
-0.532153
-0.39714
-0.391346
-0.390043
-0.392201
-0.399536
-0.41222
-0.433
-0.454504
-0.49007
-0.510547
-0.396443
-0.390928
-0.388526
-0.388334
-0.3924
-0.40138
-0.418467
-0.437368
-0.471001
-0.490193
-0.395175
-0.390246
-0.387013
-0.384777
-0.3858
-0.391384
-0.404742
-0.421778
-0.452962
-0.472914
-0.39363
-0.389477
-0.385681
-0.381811
-0.380226
-0.382932
-0.392838
-0.40887
-0.435977
-0.459198
-0.392089
-0.388775
-0.384643
-0.379589
-0.375972
-0.376419
-0.383435
-0.399028
-0.420639
-0.448021
-0.390835
-0.388311
-0.384013
-0.378204
-0.373185
-0.371979
-0.376814
-0.391698
-0.408074
-0.438216
-0.390143
-0.388288
-0.383937
-0.377757
-0.371934
-0.369598
-0.372922
-0.385865
-0.399017
-0.426877
-0.390283
-0.388887
-0.384583
-0.378343
-0.372207
-0.369104
-0.37118
-0.381299
-0.392709
-0.409852
-0.39144
-0.390265
-0.38607
-0.379988
-0.373856
-0.370163
-0.37084
-0.378291
-0.386008
-0.395206
-0.393707
-0.392508
-0.388406
-0.382595
-0.376545
-0.372253
-0.371514
-0.375977
-0.379554
-0.383024
-0.397071
-0.395596
-0.391524
-0.38595
-0.37985
-0.374921
-0.372736
-0.373911
-0.373378
-0.372075
-0.401454
-0.399442
-0.39532
-0.389817
-0.383434
-0.377894
-0.374047
-0.371787
-0.367339
-0.362431
-0.406779
-0.403991
-0.399679
-0.394003
-0.387184
-0.380953
-0.375101
-0.369408
-0.361516
-0.353478
-0.412924
-0.409245
-0.40458
-0.398419
-0.391157
-0.383889
-0.375694
-0.366729
-0.35577
-0.345155
-0.41989
-0.415209
-0.410048
-0.403133
-0.39538
-0.386534
-0.375753
-0.363712
-0.350104
-0.337225
-0.427699
-0.421953
-0.416112
-0.408336
-0.39976
-0.388784
-0.375265
-0.360377
-0.344439
-0.329583
-0.436392
-0.429562
-0.4228
-0.414188
-0.404151
-0.390575
-0.374254
-0.356723
-0.33874
-0.322106
-0.446014
-0.43808
-0.430176
-0.420667
-0.408412
-0.391869
-0.372738
-0.352758
-0.332946
-0.314692
-0.456583
-0.447487
-0.438327
-0.427566
-0.412407
-0.392637
-0.370727
-0.348466
-0.327001
-0.30725
-0.468076
-0.457695
-0.447297
-0.434603
-0.415988
-0.39284
-0.368207
-0.343817
-0.320838
-0.299687
-0.480409
-0.468571
-0.456984
-0.441505
-0.419003
-0.392419
-0.365145
-0.338765
-0.314385
-0.291924
-0.493425
-0.479958
-0.467097
-0.448019
-0.421308
-0.391299
-0.361487
-0.333248
-0.307566
-0.283878
-0.506884
-0.491687
-0.47721
-0.453879
-0.422761
-0.389388
-0.357159
-0.327195
-0.3003
-0.27548
-0.52046
-0.503538
-0.48684
-0.458793
-0.423208
-0.386585
-0.352078
-0.320524
-0.292512
-0.266669
-0.533753
-0.515212
-0.495511
-0.462459
-0.422486
-0.382776
-0.346152
-0.313153
-0.28413
-0.257405
-0.546307
-0.526301
-0.502795
-0.464591
-0.420424
-0.377842
-0.339284
-0.304996
-0.275091
-0.247655
-0.55763
-0.5363
-0.508315
-0.464938
-0.416856
-0.371661
-0.331373
-0.295969
-0.265337
-0.237385
-0.567226
-0.544648
-0.511746
-0.463291
-0.411628
-0.364114
-0.322322
-0.285987
-0.254801
-0.226541
-0.574621
-0.550794
-0.512785
-0.459474
-0.404607
-0.355094
-0.312043
-0.27497
-0.243401
-0.215026
-0.579382
-0.554256
-0.511137
-0.453335
-0.395678
-0.344509
-0.300464
-0.262853
-0.231047
-0.202665
-0.581128
-0.554628
-0.506543
-0.444738
-0.384744
-0.332279
-0.287518
-0.249592
-0.217689
-0.189218
-0.579536
-0.551587
-0.49881
-0.433581
-0.371733
-0.318336
-0.273139
-0.23515
-0.203377
-0.174545
-0.57434
-0.54489
-0.487809
-0.419791
-0.356589
-0.302623
-0.25727
-0.219484
-0.188187
-0.158887
-0.565334
-0.534379
-0.473465
-0.403327
-0.339273
-0.28511
-0.239916
-0.202628
-0.171957
-0.142828
-0.55237
-0.519966
-0.455761
-0.384176
-0.319763
-0.26582
-0.221182
-0.184824
-0.154454
-0.126318
-0.535362
-0.501632
-0.434732
-0.362361
-0.298076
-0.244854
-0.201197
-0.165813
-0.135953
-0.109196
-0.514282
-0.479419
-0.410476
-0.33796
-0.274312
-0.222302
-0.179859
-0.145625
-0.116605
-0.0914207
-0.489165
-0.453427
-0.383115
-0.311081
-0.248651
-0.198087
-0.157201
-0.124344
-0.0964811
-0.0730357
-0.460118
-0.423846
-0.35271
-0.281814
-0.221115
-0.172336
-0.1333
-0.102064
-0.0756329
-0.0541253
-0.427324
-0.390982
-0.319183
-0.250277
-0.191805
-0.14518
-0.108263
-0.0788741
-0.0541141
-0.0347619
-0.391009
-0.355145
-0.282643
-0.21658
-0.160869
-0.11676
-0.082211
-0.0548663
-0.0319849
-0.0149886
-0.351374
-0.316228
-0.243852
-0.180907
-0.128464
-0.0872265
-0.0552691
-0.0301323
-0.00934108
0.00505337
-0.308638
-0.27373
-0.203783
-0.143734
-0.09479
-0.0567233
-0.0275422
-0.00476186
0.0136079
0.0248533
-0.263128
-0.22857
-0.162163
-0.105359
-0.0600766
-0.0253965
0.000877915
0.0211309
0.0364894
0.043599
-0.215041
-0.181549
-0.119061
-0.0659844
-0.024554
0.00659156
0.0298617
0.047345
0.0589649
0.0612086
-0.164915
-0.133097
-0.0747572
-0.0258157
0.011561
0.0390547
0.0591836
0.0735384
0.0810717
0.0797581
-0.113228
-0.0835353
-0.0295907
0.0149039
0.0480518
0.0717829
0.0885571
0.0993529
0.102899
0.103525
-0.0604523
-0.0332335
0.0160857
0.0559054
0.0846917
0.104552
0.117759
0.124875
0.125391
0.12699
-0.00705498
0.0174173
0.0619183
0.0969048
0.121238
0.137137
0.146676
0.150308
0.148417
0.149228
0.046494
0.0680113
0.107554
0.137611
0.157442
0.169322
0.17517
0.175503
0.171366
0.170497
0.0997272
0.118141
0.152642
0.177731
0.193053
0.200911
0.203117
0.200301
0.19387
0.190818
0.152183
0.167404
0.196839
0.216976
0.227825
0.231701
0.230342
0.224485
0.215721
0.210299
0.20341
0.215408
0.239809
0.255061
0.26152
0.261494
0.256673
0.247866
0.236745
0.22888
0.252974
0.26177
0.281228
0.29171
0.293902
0.290094
0.28193
0.270279
0.25683
0.246511
0.30047
0.306111
0.320781
0.326658
0.324746
0.317306
0.305945
0.29157
0.275851
0.263112
0.34551
0.348072
0.358167
0.359652
0.353838
0.342949
0.328556
0.311601
0.293702
0.278606
0.387721
0.387321
0.393103
0.390454
0.380973
0.366846
0.349614
0.330243
0.310276
0.292919
0.426756
0.423553
0.425327
0.41884
0.405962
0.388837
0.36898
0.347376
0.325477
0.305982
0.462294
0.456488
0.454599
0.444608
0.428631
0.408773
0.386526
0.362892
0.339216
0.317733
0.494045
0.485874
0.4807
0.467571
0.448822
0.426519
0.402137
0.376692
0.351414
0.328119
0.521751
0.511487
0.503438
0.487565
0.466394
0.441956
0.415712
0.388687
0.361999
0.337096
0.545188
0.533133
0.522647
0.504448
0.481227
0.454981
0.427162
0.398802
0.370913
0.344625
0.564167
0.550648
0.538184
0.518101
0.493217
0.465506
0.436413
0.406972
0.378103
0.350679
0.578535
0.563901
0.549938
0.528426
0.502282
0.473462
0.443404
0.413146
0.383531
0.355236
0.588179
0.572792
0.557821
0.53535
0.508361
0.478795
0.44809
0.417283
0.387166
0.358281
0.59302
0.577254
0.561777
0.538824
0.51141
0.481471
0.450441
0.419359
0.388989
0.359806
0.59302
0.577254
0.561777
0.538824
0.51141
0.481471
0.450441
0.419359
0.388989
0.359806
0.588179
0.572792
0.557821
0.53535
0.508361
0.478795
0.44809
0.417283
0.387166
0.358281
0.578535
0.563901
0.549938
0.528426
0.502282
0.473462
0.443404
0.413146
0.383531
0.355236
0.564167
0.550648
0.538184
0.518101
0.493217
0.465506
0.436413
0.406972
0.378103
0.350679
0.545188
0.533133
0.522647
0.504449
0.481227
0.454981
0.427162
0.398802
0.370913
0.344625
0.521751
0.511487
0.503439
0.487565
0.466394
0.441956
0.415712
0.388687
0.361999
0.337096
0.494045
0.485874
0.4807
0.467571
0.448822
0.426519
0.402137
0.376692
0.351414
0.328119
0.462294
0.456488
0.454599
0.444608
0.428631
0.408773
0.386526
0.362892
0.339216
0.317733
0.426756
0.423553
0.425327
0.41884
0.405962
0.388837
0.36898
0.347376
0.325477
0.305982
0.387721
0.387321
0.393103
0.390454
0.380973
0.366846
0.349614
0.330243
0.310276
0.292919
0.34551
0.348072
0.358167
0.359652
0.353838
0.342949
0.328556
0.311601
0.293702
0.278606
0.30047
0.306111
0.320781
0.326658
0.324746
0.317307
0.305945
0.29157
0.275851
0.263112
0.252974
0.26177
0.281228
0.29171
0.293902
0.290094
0.28193
0.270279
0.25683
0.246511
0.20341
0.215408
0.239809
0.255061
0.26152
0.261494
0.256673
0.247866
0.236745
0.22888
0.152183
0.167404
0.196839
0.216976
0.227825
0.231701
0.230342
0.224485
0.215721
0.210299
0.0997274
0.118141
0.152642
0.177731
0.193053
0.200911
0.203117
0.200301
0.193871
0.190818
0.0464941
0.0680114
0.107554
0.137611
0.157442
0.169322
0.175171
0.175503
0.171366
0.170497
-0.00705483
0.0174175
0.0619184
0.0969049
0.121238
0.137137
0.146676
0.150308
0.148417
0.149228
-0.0604521
-0.0332333
0.0160859
0.0559056
0.0846918
0.104552
0.11776
0.124875
0.125391
0.12699
-0.113228
-0.0835352
-0.0295906
0.0149041
0.0480519
0.071783
0.0885572
0.099353
0.102899
0.103525
-0.164914
-0.133097
-0.0747571
-0.0258155
0.0115611
0.0390549
0.0591837
0.0735385
0.0810718
0.0797582
-0.215041
-0.181549
-0.119061
-0.0659842
-0.0245538
0.00659169
0.0298618
0.0473452
0.0589651
0.0612088
-0.263128
-0.22857
-0.162163
-0.105359
-0.0600764
-0.0253963
0.00087805
0.021131
0.0364895
0.0435991
-0.308637
-0.27373
-0.203783
-0.143734
-0.0947898
-0.0567231
-0.027542
-0.00476173
0.013608
0.0248535
-0.351374
-0.316227
-0.243852
-0.180907
-0.128464
-0.0872264
-0.055269
-0.0301321
-0.00934095
0.0050535
-0.391009
-0.355145
-0.282643
-0.21658
-0.160869
-0.11676
-0.0822108
-0.0548662
-0.0319848
-0.0149885
-0.427324
-0.390981
-0.319183
-0.250277
-0.191805
-0.145179
-0.108262
-0.078874
-0.0541139
-0.0347618
-0.460118
-0.423845
-0.35271
-0.281814
-0.221114
-0.172336
-0.1333
-0.102064
-0.0756327
-0.0541251
-0.489165
-0.453427
-0.383115
-0.31108
-0.248651
-0.198087
-0.157201
-0.124344
-0.0964809
-0.0730356
-0.514281
-0.479419
-0.410476
-0.33796
-0.274312
-0.222302
-0.179859
-0.145624
-0.116605
-0.0914205
-0.535361
-0.501632
-0.434732
-0.362361
-0.298075
-0.244854
-0.201197
-0.165813
-0.135953
-0.109196
-0.55237
-0.519966
-0.45576
-0.384175
-0.319762
-0.265819
-0.221182
-0.184824
-0.154454
-0.126317
-0.565334
-0.534378
-0.473465
-0.403327
-0.339272
-0.28511
-0.239916
-0.202628
-0.171957
-0.142828
-0.57434
-0.54489
-0.487808
-0.419791
-0.356589
-0.302623
-0.25727
-0.219483
-0.188187
-0.158887
-0.579536
-0.551586
-0.49881
-0.433581
-0.371733
-0.318336
-0.273139
-0.235149
-0.203376
-0.174544
-0.581128
-0.554628
-0.506542
-0.444738
-0.384744
-0.332279
-0.287518
-0.249592
-0.217689
-0.189218
-0.579382
-0.554256
-0.511136
-0.453334
-0.395677
-0.344509
-0.300464
-0.262853
-0.231047
-0.202665
-0.574621
-0.550794
-0.512785
-0.459474
-0.404607
-0.355094
-0.312043
-0.27497
-0.243401
-0.215026
-0.567226
-0.544648
-0.511745
-0.46329
-0.411628
-0.364114
-0.322321
-0.285987
-0.254801
-0.22654
-0.557629
-0.536299
-0.508315
-0.464937
-0.416855
-0.371661
-0.331373
-0.295969
-0.265337
-0.237385
-0.546306
-0.5263
-0.502794
-0.46459
-0.420424
-0.377841
-0.339284
-0.304996
-0.275091
-0.247654
-0.533753
-0.515212
-0.495511
-0.462459
-0.422486
-0.382775
-0.346152
-0.313152
-0.28413
-0.257404
-0.520459
-0.503538
-0.486839
-0.458793
-0.423208
-0.386584
-0.352078
-0.320524
-0.292512
-0.266669
-0.506883
-0.491686
-0.47721
-0.453879
-0.42276
-0.389388
-0.357159
-0.327194
-0.3003
-0.27548
-0.493425
-0.479958
-0.467097
-0.448018
-0.421308
-0.391299
-0.361486
-0.333248
-0.307565
-0.283878
-0.480409
-0.46857
-0.456983
-0.441505
-0.419003
-0.392419
-0.365145
-0.338765
-0.314385
-0.291923
-0.468076
-0.457695
-0.447297
-0.434603
-0.415987
-0.392839
-0.368207
-0.343817
-0.320838
-0.299687
-0.456583
-0.447487
-0.438326
-0.427566
-0.412406
-0.392637
-0.370727
-0.348465
-0.327001
-0.307249
-0.446014
-0.43808
-0.430175
-0.420667
-0.408411
-0.391869
-0.372738
-0.352758
-0.332946
-0.314692
-0.436392
-0.429561
-0.4228
-0.414188
-0.40415
-0.390574
-0.374254
-0.356723
-0.33874
-0.322106
-0.427698
-0.421953
-0.416112
-0.408336
-0.399759
-0.388783
-0.375265
-0.360376
-0.344438
-0.329583
-0.41989
-0.415209
-0.410048
-0.403133
-0.395379
-0.386534
-0.375753
-0.363712
-0.350104
-0.337225
-0.412924
-0.409245
-0.404579
-0.398419
-0.391157
-0.383889
-0.375694
-0.366728
-0.35577
-0.345155
-0.406778
-0.403991
-0.399679
-0.394003
-0.387183
-0.380953
-0.375101
-0.369407
-0.361516
-0.353477
-0.401454
-0.399441
-0.39532
-0.389816
-0.383433
-0.377893
-0.374047
-0.371786
-0.367339
-0.362431
-0.39707
-0.395596
-0.391524
-0.385949
-0.37985
-0.374921
-0.372736
-0.373911
-0.373378
-0.372074
-0.393706
-0.392508
-0.388406
-0.382594
-0.376544
-0.372252
-0.371513
-0.375976
-0.379553
-0.383024
-0.39144
-0.390265
-0.386069
-0.379988
-0.373856
-0.370163
-0.370839
-0.378291
-0.386008
-0.395205
-0.390282
-0.388887
-0.384583
-0.378342
-0.372206
-0.369103
-0.371179
-0.381299
-0.392709
-0.409852
-0.390143
-0.388287
-0.383936
-0.377756
-0.371933
-0.369598
-0.372922
-0.385864
-0.399016
-0.426877
-0.390835
-0.38831
-0.384013
-0.378204
-0.373185
-0.371979
-0.376814
-0.391697
-0.408074
-0.438216
-0.392089
-0.388774
-0.384643
-0.379589
-0.375971
-0.376419
-0.383435
-0.399027
-0.420638
-0.448021
-0.39363
-0.389476
-0.38568
-0.381811
-0.380225
-0.382932
-0.392838
-0.40887
-0.435977
-0.459197
-0.395175
-0.390246
-0.387013
-0.384777
-0.3858
-0.391383
-0.404742
-0.421778
-0.452962
-0.472914
-0.396443
-0.390928
-0.388526
-0.388333
-0.3924
-0.40138
-0.418466
-0.437368
-0.471
-0.490192
-0.39714
-0.391346
-0.390043
-0.392201
-0.399536
-0.412219
-0.432999
-0.454504
-0.49007
-0.510546
-0.396952
-0.391278
-0.391294
-0.395947
-0.406551
-0.422978
-0.447213
-0.471951
-0.509542
-0.532153
-0.395558
-0.390451
-0.391915
-0.399033
-0.412715
-0.432685
-0.460032
-0.488394
-0.528071
-0.55362
-0.392656
-0.388555
-0.391494
-0.400899
-0.41734
-0.440478
-0.470584
-0.502637
-0.544153
-0.572611
-0.388008
-0.385294
-0.389642
-0.401063
-0.419878
-0.445717
-0.478255
-0.513729
-0.556786
-0.588289
-0.381484
-0.380439
-0.386069
-0.399208
-0.419991
-0.448044
-0.482678
-0.521017
-0.565462
-0.599562
-0.373107
-0.3739
-0.38065
-0.395232
-0.417596
-0.4474
-0.483734
-0.524314
-0.569921
-0.606018
-0.363083
-0.365781
-0.373526
-0.389235
-0.412849
-0.443978
-0.481637
-0.524006
-0.569608
-0.608495
-0.351798
-0.356394
-0.364993
-0.381598
-0.406148
-0.438216
-0.47682
-0.52026
-0.565726
-0.606976
-0.339874
-0.346244
-0.355578
-0.372888
-0.398103
-0.430774
-0.469927
-0.513805
-0.559196
-0.601864
-0.328055
-0.33602
-0.345974
-0.363824
-0.38948
-0.422473
-0.461816
-0.505678
-0.550951
-0.594108
-0.317182
-0.326507
-0.336967
-0.355217
-0.381139
-0.414237
-0.453497
-0.497063
-0.542063
-0.585048
-0.308103
-0.3185
-0.329349
-0.347879
-0.373939
-0.407006
-0.446033
-0.489178
-0.533772
-0.576248
-0.301573
-0.312711
-0.323824
-0.34253
-0.368648
-0.401632
-0.440408
-0.483158
-0.527338
-0.569279
-0.298156
-0.309674
-0.32092
-0.33971
-0.365846
-0.398767
-0.437386
-0.479899
-0.523818
-0.565429
-0.599254
-0.619253
-0.624988
-0.612413
-0.584237
-0.538611
-0.475369
-0.390152
-0.282895
-0.163013
-0.0507369
0.0366594
0.0914662
0.118803
0.125738
0.120455
0.108971
0.0951664
0.0811991
0.0682167
0.056652
0.0466386
0.0379793
0.0305686
0.0241113
0.0186028
0.0137073
0.00951636
0.00553033
0.00197309
-0.603624
-0.623217
-0.628821
-0.616054
-0.587801
-0.542518
-0.479955
-0.395676
-0.288718
-0.168212
-0.0547464
0.0336741
0.0894561
0.117323
0.12467
0.119692
0.108431
0.0947865
0.0809311
0.0680248
0.0565125
0.0465368
0.0379054
0.030516
0.0240745
0.0185776
0.0136906
0.00950576
0.00552453
0.00197086
-0.611642
-0.630492
-0.635837
-0.622763
-0.59438
-0.54974
-0.488497
-0.406049
-0.299791
-0.178216
-0.0626233
0.0278461
0.0853571
0.114336
0.12251
0.118149
0.107339
0.0940215
0.0803932
0.0676415
0.0562348
0.0463345
0.0377589
0.0304116
0.0240014
0.0185276
0.0136573
0.00948463
0.00551296
0.00196645
-0.621979
-0.639942
-0.644936
-0.631572
-0.603072
-0.559291
-0.499924
-0.420117
-0.3151
-0.192334
-0.074133
0.0193821
0.0791697
0.109815
0.119234
0.115806
0.105685
0.0928647
0.0795833
0.0670676
0.0558214
0.0460345
0.037542
0.030257
0.023893
0.0184532
0.0136078
0.00945311
0.00549571
0.00196002
-0.632944
-0.650188
-0.654879
-0.641382
-0.612884
-0.570084
-0.512999
-0.43651
-0.333391
-0.209801
-0.0885548
0.00841534
0.0709802
0.103764
0.114831
0.112654
0.103462
0.0913133
0.0785016
0.0663057
0.0552761
0.0456406
0.0372575
0.030054
0.0237505
0.0183552
0.0135425
0.00941139
0.00547289
0.00195183
-0.642788
-0.65983
-0.664499
-0.651181
-0.622929
-0.581169
-0.526564
-0.453891
-0.353478
-0.229768
-0.104885
-0.00483453
0.0609221
0.096243
0.109331
0.108708
0.100679
0.0893726
0.0771523
0.0653604
0.0546038
0.0451571
0.0369091
0.0298052
0.0235754
0.0182344
0.0134618
0.00935972
0.00544472
0.00194248
-0.649963
-0.667565
-0.672783
-0.660128
-0.632502
-0.591856
-0.53974
-0.47122
-0.374296
-0.250275
-0.123029
-0.0198891
0.0491883
0.0873579
0.102794
0.104007
0.0973601
0.0870572
0.0755448
0.0642386
0.0538102
0.0445888
0.0365004
0.0295131
0.0233695
0.0180919
0.0133663
0.00929836
0.00541138
0.00192741
-0.653375
-0.672272
-0.67885
-0.667534
-0.641072
-0.601697
-0.551985
-0.487707
-0.393896
-0.271093
-0.142362
-0.0363518
0.0360265
0.0772557
0.0953085
0.0986059
0.0935425
0.08439
0.0736929
0.0629495
0.052902
0.0439408
0.0360351
0.0291802
0.0231343
0.0179286
0.0132567
0.00922762
0.00537289
0.00190957
-0.651793
-0.673321
-0.681929
-0.672819
-0.648095
-0.610229
-0.562775
-0.502102
-0.412673
-0.291615
-0.162251
-0.0538083
0.021715
0.0661115
0.0869846
0.0925738
0.0892705
0.0813994
0.071614
0.0615036
0.0518862
0.0432181
0.035517
0.0288093
0.0228717
0.0177455
0.0131334
0.00914779
0.00532935
0.00189054
-0.644708
-0.670011
-0.681399
-0.675275
-0.653243
-0.617477
-0.572173
-0.514808
-0.429591
-0.311213
-0.182103
-0.0718507
0.00654304
0.0541158
0.0779433
0.0859864
0.0845914
0.078116
0.0693271
0.0599126
0.0507703
0.0424258
0.0349495
0.0284026
0.0225833
0.0175438
0.0129972
0.00905921
0.00528096
0.00187038
-0.632252
-0.662212
-0.677253
-0.674687
-0.655956
-0.622972
-0.579893
-0.525463
-0.444412
-0.329393
-0.201459
-0.0901067
-0.00920559
0.0414639
0.0683123
0.0789231
0.0795524
0.074571
0.0668517
0.0581883
0.0495616
0.0415686
0.0343361
0.0279626
0.0222706
0.0173243
0.0128485
0.00896219
0.00522789
0.00184893
-0.614709
-0.650017
-0.669194
-0.670814
-0.65613
-0.626449
-0.585826
-0.533955
-0.456853
-0.3458
-0.219947
-0.108246
-0.0252629
0.028347
0.0582192
0.0714671
0.0741987
0.0707942
0.0642069
0.0563424
0.0482671
0.0406513
0.0336798
0.0274915
0.021935
0.017088
0.012688
0.00885705
0.00517032
0.00182608
-0.59346
-0.633907
-0.657501
-0.663693
-0.653596
-0.627771
-0.589843
-0.540243
-0.46672
-0.360146
-0.237274
-0.125989
-0.0413901
0.0149398
0.0477803
0.0636876
0.0685714
0.0668118
0.0614102
0.0543859
0.0468938
0.0396782
0.0329836
0.0269912
0.021578
0.0168359
0.0125161
0.00874412
0.0051084
0.00180183
-0.570429
-0.614854
-0.642782
-0.653678
-0.648387
-0.626828
-0.591876
-0.544393
-0.473909
-0.372202
-0.25322
-0.143128
-0.0574029
0.00138258
0.0370912
0.0556456
0.0627082
0.0626454
0.0584763
0.0523287
0.0454479
0.0386532
0.0322503
0.0264638
0.0212008
0.0165687
0.0123334
0.00862369
0.00504229
0.00177624
-0.547544
-0.594103
-0.625822
-0.641242
-0.640722
-0.623604
-0.59183
-0.546367
-0.47861
-0.381841
-0.267623
-0.159502
-0.0731455
-0.0121922
0.0262497
0.0474112
0.0566573
0.0583187
0.0554187
0.0501791
0.0439347
0.03758
0.0314821
0.0259108
0.0208046
0.0162873
0.0121403
0.00849607
0.00497211
0.00174937
-0.526176
-0.572794
-0.607433
-0.626922
-0.63085
-0.618104
-0.589583
-0.546148
-0.481064
-0.389037
-0.280226
-0.174816
-0.0883352
-0.0255544
0.0154174
0.0390898
0.0504878
0.0538693
0.0522574
0.0479469
0.0423592
0.036461
0.0306807
0.0253333
0.0203902
0.0159921
0.0119372
0.00836141
0.00489791
0.00172127
-0.507171
-0.551723
-0.58817
-0.611132
-0.618986
-0.610298
-0.584973
-0.543621
-0.481246
-0.393904
-0.290724
-0.188712
-0.1027
-0.0385203
0.00470243
0.0307385
0.0442236
0.0493165
0.0490141
0.0456475
0.0407301
0.0353012
0.0298488
0.024733
0.0199585
0.0156838
0.0117243
0.00821994
0.00481978
0.00169199
-0.490857
-0.531465
-0.56852
-0.593983
-0.605206
-0.600248
-0.578078
-0.539026
-0.479699
-0.397324
-0.300033
-0.202061
-0.117049
-0.051713
-0.00631048
0.0221093
0.0377266
0.0445784
0.0456612
0.0432831
0.0390577
0.0341108
0.0289945
0.0241159
0.0195139
0.0153654
0.0115038
0.00807301
0.0047385
0.00166186
-0.476912
-0.511999
-0.548601
-0.576243
-0.58958
-0.587907
-0.569026
-0.532998
-0.477775
-0.401293
-0.309996
-0.21636
-0.132476
-0.0658876
-0.0180868
0.012948
0.0308774
0.0395827
0.0421182
0.0408057
0.037321
0.0328833
0.028118
0.0234847
0.0190594
0.0150398
0.0112777
0.0079221
0.00465499
0.00163135
-0.466771
-0.493919
-0.526349
-0.553673
-0.569861
-0.570522
-0.554996
-0.522269
-0.471058
-0.400026
-0.31429
-0.224758
-0.142968
-0.0767093
-0.0278545
0.00486132
0.02453
0.0347631
0.038523
0.0381999
0.0354559
0.0315496
0.0271607
0.0227941
0.0185622
0.0146835
0.0110303
0.00775674
0.00456324
0.00159846
-0.447775
-0.477799
-0.509592
-0.535372
-0.549998
-0.550639
-0.535142
-0.502223
-0.451533
-0.383288
-0.302528
-0.219068
-0.142811
-0.0803123
-0.0334438
-0.0012506
0.0187931
0.0298157
0.0345263
0.0351028
0.0331108
0.0297914
0.0258537
0.0218276
0.0178576
0.0141738
0.0106758
0.00751837
0.00443035
0.00155078
-0.432255
-0.462194
-0.48814
-0.507404
-0.517752
-0.516457
-0.500589
-0.46876
-0.421181
-0.358947
-0.286438
-0.211603
-0.142535
-0.0847875
-0.0403996
-0.00891882
0.0115264
0.0234876
0.0293079
0.0309524
0.0298996
0.0273497
0.0240223
0.0204649
0.0168593
0.0134517
0.0101743
0.00718403
0.00424344
0.0014827
-0.414548
-0.442233
-0.461464
-0.474642
-0.481763
-0.479337
-0.464266
-0.435025
-0.391937
-0.336474
-0.272145
-0.205258
-0.142591
-0.089073
-0.0469361
-0.0161856
0.00452745
0.0172718
0.0240751
0.0267134
0.0265662
0.0247786
0.0220693
0.0189964
0.0157737
0.0126611
0.00962167
0.00681479
0.0040359
0.00140844
-0.394215
-0.418674
-0.433031
-0.441796
-0.445902
-0.442529
-0.428558
-0.402287
-0.36384
-0.314646
-0.257724
-0.198202
-0.141692
-0.0924597
-0.0527582
-0.0229672
-0.00219702
0.0111729
0.0188553
0.0224267
0.0231546
0.0221198
0.0200318
0.0174533
0.0146257
0.0118209
0.00903139
0.00641942
0.00381317
0.00132985
-0.37151
-0.393597
-0.404675
-0.410009
-0.411543
-0.407375
-0.394573
-0.37127
-0.337284
-0.293933
-0.243874
-0.191191
-0.140425
-0.0952761
-0.0579918
-0.0292699
-0.008606
0.00523835
0.0136854
0.0181143
0.0196748
0.0193758
0.0179082
0.015832
0.0134112
0.010927
0.0084002
0.00599553
0.00357355
0.00124583
-0.348205
-0.368237
-0.376937
-0.379746
-0.379322
-0.374574
-0.362904
-0.342363
-0.312533
-0.274538
-0.23064
-0.184093
-0.13859
-0.0973458
-0.062524
-0.0350233
-0.0146467
-0.000488107
0.00860062
0.0138024
0.0161445
0.0165571
0.0157034
0.0141338
0.0121292
0.00997762
0.00772612
0.00554146
0.00331581
0.00115592
-0.325152
-0.34311
-0.35011
-0.351238
-0.349475
-0.344357
-0.333709
-0.315651
-0.289606
-0.256428
-0.218
-0.176955
-0.136298
-0.0987801
-0.0664193
-0.0402399
-0.0202976
-0.00597242
0.00363528
0.00952002
0.0125859
0.0136789
0.013427
0.012364
0.0107825
0.00897394
0.00700933
0.00505707
0.00303974
0.00106016
-0.302531
-0.318626
-0.324415
-0.324505
-0.321915
-0.316624
-0.306909
-0.291061
-0.268404
-0.239519
-0.205946
-0.169826
-0.133597
-0.0995923
-0.069663
-0.0448901
-0.0255214
-0.0111755
-0.00117438
0.00529793
0.00902266
0.0107581
0.0110903
0.0105297
0.00937504
0.00791792
0.00625067
0.00454264
0.00274537
0.000958588
-0.280679
-0.2951
-0.299984
-0.299477
-0.29645
-0.29118
-0.282347
-0.268458
-0.248801
-0.223726
-0.194459
-0.162732
-0.130527
-0.0998214
-0.0722782
-0.048976
-0.0303004
-0.0160683
-0.00579609
0.00116605
0.00547954
0.0078134
0.00870607
0.00863916
0.00791174
0.00681232
0.00545148
0.00399877
0.00243288
0.000851241
-0.259808
-0.272669
-0.276918
-0.276084
-0.272901
-0.267815
-0.259835
-0.247686
-0.230671
-0.208964
-0.183505
-0.15569
-0.127137
-0.0995139
-0.0742899
-0.0524987
-0.0346171
-0.0206223
-0.010198
-0.00284536
0.0019823
0.0048647
0.00628877
0.00670208
0.00639883
0.00566086
0.00461386
0.00342656
0.00210277
0.000738266
-0.239937
-0.251395
-0.255154
-0.25423
-0.251107
-0.246336
-0.239186
-0.228592
-0.213898
-0.195153
-0.173055
-0.14872
-0.123476
-0.0987185
-0.0757285
-0.0554669
-0.0384617
-0.0248154
-0.014352
-0.00670753
-0.00144322
0.00193311
0.00385429
0.00472974
0.00484385
0.00446836
0.00374069
0.00282764
0.00175584
0.000619907
-0.221143
-0.231354
-0.23473
-0.233852
-0.230935
-0.226573
-0.220232
-0.211028
-0.19837
-0.182219
-0.163082
-0.141845
-0.119591
-0.0974866
-0.0766299
-0.0578958
-0.0418308
-0.0286303
-0.0182332
-0.0103933
-0.00477139
-0.000959557
0.00141975
0.00273477
0.00325562
0.00324071
0.0028357
0.00220422
0.00139325
0.000496514
-0.2035
-0.212574
-0.215644
-0.214898
-0.21228
-0.208382
-0.202818
-0.194862
-0.183987
-0.170103
-0.153572
-0.135089
-0.115533
-0.0958706
-0.0770348
-0.0598072
-0.0447276
-0.0320554
-0.0218208
-0.013878
-0.00797752
-0.00379125
-0.000996807
0.000730989
0.0016442
0.00198486
0.00190348
0.00155914
0.00101652
0.000368549
-0.187012
-0.195056
-0.19788
-0.197317
-0.195049
-0.191639
-0.186811
-0.179971
-0.170659
-0.158756
-0.144516
-0.128477
-0.111349
-0.0939236
-0.0769874
-0.0612285
-0.0471617
-0.0350851
-0.0250988
-0.01714
-0.0110384
-0.0065402
-0.00337676
-0.00126677
2.07497e-05
0.000708838
0.000949503
0.000895843
0.00062757
0.000236597
-0.171681
-0.178801
-0.18142
-0.181062
-0.17916
-0.176237
-0.172096
-0.166253
-0.158311
-0.14814
-0.135911
-0.122038
-0.107085
-0.0916985
-0.076535
-0.0621925
-0.0491489
-0.03772
-0.0280559
-0.0201611
-0.013933
-0.00918545
-0.00570131
-0.00324295
-0.00160259
-0.000578359
-1.99032e-05
0.000218447
0.000228712
0.000101376
-0.157507
-0.163791
-0.166233
-0.166078
-0.164539
-0.162084
-0.158576
-0.153623
-0.146882
-0.138222
-0.127755
-0.115795
-0.102785
-0.0892475
-0.0757269
-0.0627366
-0.0507111
-0.0399667
-0.0306864
-0.0229271
-0.0166429
-0.0117073
-0.00795196
-0.00518157
-0.0032129
-0.00186686
-0.000997603
-0.000468315
-0.00017735
-3.62635e-05
-0.144462
-0.149993
-0.152274
-0.152313
-0.151119
-0.149103
-0.146173
-0.142009
-0.13632
-0.128978
-0.120051
-0.109773
-0.0984907
-0.0866222
-0.074614
-0.0629026
-0.0518755
-0.0418377
-0.03299
-0.0254283
-0.0191525
-0.0140881
-0.0101109
-0.00706655
-0.00479671
-0.00314606
-0.00197573
-0.0011591
-0.000587522
-0.000175331
-0.132508
-0.137366
-0.139499
-0.139715
-0.138839
-0.137228
-0.134818
-0.131352
-0.12658
-0.120384
-0.112799
-0.103996
-0.094244
-0.0838734
-0.0732481
-0.0627351
-0.0526743
-0.0433511
-0.0349719
-0.0276597
-0.0214501
-0.0163122
-0.0121617
-0.00888219
-0.00634031
-0.0044048
-0.00294577
-0.00184803
-0.000998345
-0.000314705
-0.121608
-0.125865
-0.127861
-0.128232
-0.127645
-0.126399
-0.124454
-0.121599
-0.117625
-0.112422
-0.106001
-0.098488
-0.090084
-0.0810508
-0.0716814
-0.0622812
-0.0531438
-0.0445301
-0.0366426
-0.0296209
-0.0235274
-0.0183669
-0.0140893
-0.0106134
-0.00783001
-0.00563154
-0.00389873
-0.00252873
-0.00140603
-0.000453141
-0.111719
-0.115444
-0.117311
-0.117816
-0.117485
-0.116566
-0.115029
-0.112707
-0.109423
-0.105076
-0.099663
-0.0932702
-0.0860492
-0.0782031
-0.0699659
-0.0615895
-0.0533236
-0.0454024
-0.0380175
-0.0313165
-0.0253806
-0.0202423
-0.0158807
-0.0122463
-0.00925247
-0.00681466
-0.00482525
-0.00319444
-0.0018065
-0.000589282
-0.102798
-0.106055
-0.107802
-0.108419
-0.108313
-0.10768
-0.106501
-0.104638
-0.101947
-0.0983347
-0.0937886
-0.0883656
-0.0821765
-0.0753775
-0.0681534
-0.0607097
-0.0532564
-0.0459999
-0.039117
-0.0327559
-0.0270097
-0.021932
-0.0175255
-0.0137683
-0.010595
-0.00794264
-0.00571578
-0.0038381
-0.00219543
-0.000721678
-0.0948084
-0.0976556
-0.0992898
-0.100002
-0.100087
-0.0997019
-0.0988301
-0.0973619
-0.0951754
-0.0921907
-0.0883861
-0.083797
-0.0785024
-0.0726202
-0.0662946
-0.059692
-0.0529866
-0.0463578
-0.0399653
-0.0339527
-0.0284188
-0.0234327
-0.0190154
-0.0151685
-0.0118457
-0.00900426
-0.00656076
-0.00445246
-0.00256833
-0.000848798
-0.0877162
-0.090218
-0.0917758
-0.0925351
-0.0927736
-0.0925972
-0.0919871
-0.0908532
-0.0890943
-0.0866405
-0.0834654
-0.0795882
-0.0750627
-0.0699763
-0.0644399
-0.0585868
-0.0525602
-0.0465143
-0.0405905
-0.0349245
-0.0296161
-0.0247446
-0.0203448
-0.0164377
-0.0129939
-0.0099888
-0.00735074
-0.00503021
-0.00292053
-0.000969045
-0.0814759
-0.0836675
-0.0851166
-0.0859494
-0.0863297
-0.0863348
-0.0859472
-0.0850946
-0.0836943
-0.0816856
-0.07904
-0.0757645
-0.0718937
-0.0674904
-0.0626387
-0.0574446
-0.0520244
-0.0465095
-0.0410237
-0.0356923
-0.030613
-0.025871
-0.0215107
-0.0175687
-0.01403
-0.0108861
-0.00807643
-0.00556399
-0.00324733
-0.00108078
-0.0760744
-0.0780056
-0.0793706
-0.0802498
-0.0807439
-0.0808996
-0.080697
-0.0800776
-0.0789737
-0.0773334
-0.0751274
-0.0723539
-0.0690325
-0.0652072
-0.0609402
-0.0563153
-0.0514264
-0.0463848
-0.0412978
-0.0362799
-0.0314238
-0.0268177
-0.0225122
-0.0185556
-0.0149453
-0.0116865
-0.00872876
-0.00604644
-0.00354389
-0.0011823
-0.0715039
-0.0732204
-0.0745149
-0.0754266
-0.07601
-0.0762867
-0.0762342
-0.0758038
-0.0749402
-0.0735988
-0.0717507
-0.0693878
-0.0665185
-0.0631722
-0.0593937
-0.0552492
-0.050814
-0.0461827
-0.0414477
-0.0367127
-0.0320648
-0.0275925
-0.02335
-0.0193941
-0.0157322
-0.012381
-0.0092988
-0.00647018
-0.00380535
-0.00127189
-0.0677624
-0.0693066
-0.0705423
-0.0714772
-0.07213
-0.0725017
-0.0725673
-0.0722856
-0.071611
-0.0705052
-0.06894
-0.066903
-0.0643944
-0.0614325
-0.0580489
-0.0542959
-0.0502344
-0.0459451
-0.041508
-0.0370171
-0.0325533
-0.0282042
-0.0240256
-0.0200802
-0.016383
-0.0129601
-0.00977738
-0.00682756
-0.00402662
-0.00134777
-0.06487
-0.0662822
-0.0674708
-0.0684208
-0.0691244
-0.0695669
-0.0697209
-0.0695505
-0.0690172
-0.0680877
-0.0667348
-0.0649435
-0.0627079
-0.0600385
-0.0569572
-0.0535058
-0.0497344
-0.0457133
-0.0415125
-0.0372182
-0.0329057
-0.0286609
-0.0245401
-0.0206095
-0.01689
-0.0134145
-0.0101549
-0.00711052
-0.00420228
-0.00140796
-0.0628626
-0.0641849
-0.0653408
-0.0663
-0.0670367
-0.0675266
-0.0677402
-0.0676451
-0.0672072
-0.0663969
-0.065188
-0.0635636
-0.0615144
-0.0590454
-0.0561721
-0.0529292
-0.0493595
-0.0455263
-0.0414926
-0.0373387
-0.0331358
-0.0289682
-0.0248919
-0.0209753
-0.0172431
-0.0137328
-0.0104207
-0.00731015
-0.0043265
-0.00145046
-0.0617915
-0.0630696
-0.0642106
-0.0651767
-0.065933
-0.0664489
-0.066694
-0.066638
-0.0662498
-0.0655015
-0.0643675
-0.0628301
-0.0608781
-0.0585139
-0.0557496
-0.0526162
-0.0491527
-0.0454188
-0.0414741
-0.0373954
-0.0332518
-0.0291264
-0.0250751
-0.021167
-0.0174293
-0.0139011
-0.0105617
-0.00741595
-0.0043924
-0.00147259
-0.228749
-0.238455
-0.247843
-0.256943
-0.26579
-0.274438
-0.282954
-0.291407
-0.299884
-0.308459
-0.317244
-0.326312
-0.335826
-0.345863
-0.356652
-0.368458
-0.381368
-0.396608
-0.41234
-0.432776
-0.215545
-0.224909
-0.234028
-0.242939
-0.251694
-0.260351
-0.268976
-0.277634
-0.286407
-0.29536
-0.304592
-0.314189
-0.324218
-0.334895
-0.345985
-0.358239
-0.370127
-0.384244
-0.39606
-0.414484
-0.203035
-0.211937
-0.220644
-0.229202
-0.237658
-0.246064
-0.254468
-0.262925
-0.271478
-0.280199
-0.289082
-0.298278
-0.307579
-0.317415
-0.326981
-0.337572
-0.347239
-0.359584
-0.371459
-0.389908
-0.191219
-0.199629
-0.207897
-0.216067
-0.224172
-0.232249
-0.240318
-0.248431
-0.256573
-0.264843
-0.27312
-0.281647
-0.290063
-0.299008
-0.3077
-0.317683
-0.327605
-0.340159
-0.353116
-0.369776
-0.180082
-0.188013
-0.19584
-0.203603
-0.211316
-0.219013
-0.226689
-0.234406
-0.242117
-0.249954
-0.257778
-0.265898
-0.27402
-0.282799
-0.291669
-0.301651
-0.311646
-0.322835
-0.334161
-0.348222
-0.1696
-0.177056
-0.184428
-0.191753
-0.199035
-0.20631
-0.213568
-0.220879
-0.228201
-0.235676
-0.243207
-0.251055
-0.258998
-0.267407
-0.275808
-0.284618
-0.29327
-0.302597
-0.312842
-0.325853
-0.159671
-0.166655
-0.173562
-0.180431
-0.187267
-0.194106
-0.200941
-0.207833
-0.214759
-0.221815
-0.228929
-0.236224
-0.243531
-0.250998
-0.258421
-0.266107
-0.274079
-0.282869
-0.292799
-0.304772
-0.150278
-0.156788
-0.163227
-0.169631
-0.176013
-0.182399
-0.188787
-0.195211
-0.201657
-0.208166
-0.214692
-0.221291
-0.227913
-0.23468
-0.241617
-0.248895
-0.256555
-0.264685
-0.273584
-0.284155
-0.14138
-0.147416
-0.153389
-0.159329
-0.165251
-0.171169
-0.177082
-0.183007
-0.18894
-0.194906
-0.200903
-0.206982
-0.213164
-0.219508
-0.22602
-0.232685
-0.239516
-0.246606
-0.254456
-0.263988
-0.132934
-0.138501
-0.144017
-0.149503
-0.154968
-0.160422
-0.165868
-0.171319
-0.176784
-0.182284
-0.187836
-0.193457
-0.199154
-0.204914
-0.210735
-0.216619
-0.222683
-0.229084
-0.236242
-0.244864
-0.124903
-0.130026
-0.135104
-0.140151
-0.145176
-0.150187
-0.155191
-0.160198
-0.165219
-0.170262
-0.175331
-0.180426
-0.185549
-0.190705
-0.195933
-0.201271
-0.206812
-0.212632
-0.21903
-0.226668
-0.11725
-0.121963
-0.12663
-0.131261
-0.135868
-0.140459
-0.145039
-0.149614
-0.154189
-0.158765
-0.163351
-0.167951
-0.172585
-0.177265
-0.182022
-0.186858
-0.191815
-0.19696
-0.202589
-0.209346
-0.110013
-0.114335
-0.118607
-0.122841
-0.127048
-0.131236
-0.135407
-0.139566
-0.143717
-0.147865
-0.152021
-0.156191
-0.160387
-0.164609
-0.168867
-0.173162
-0.177544
-0.1821
-0.187091
-0.193069
-0.103176
-0.107119
-0.111016
-0.114875
-0.118707
-0.122516
-0.126306
-0.130081
-0.133844
-0.1376
-0.141355
-0.145112
-0.148874
-0.152643
-0.156433
-0.160256
-0.16416
-0.168209
-0.172616
-0.177852
-0.0967019
-0.100292
-0.10384
-0.107353
-0.110838
-0.114299
-0.117737
-0.121155
-0.124557
-0.127944
-0.131321
-0.13469
-0.138057
-0.141426
-0.144811
-0.148218
-0.15168
-0.155247
-0.159104
-0.163666
-0.0905897
-0.093855
-0.097082
-0.100276
-0.103442
-0.10658
-0.109692
-0.112781
-0.115849
-0.118898
-0.121931
-0.124952
-0.127966
-0.130974
-0.133985
-0.137002
-0.140054
-0.143185
-0.146557
-0.150523
-0.0848299
-0.0878005
-0.0907332
-0.0936337
-0.0965047
-0.0993469
-0.102161
-0.10495
-0.107715
-0.110458
-0.113181
-0.115886
-0.118577
-0.121254
-0.123924
-0.126592
-0.129283
-0.132033
-0.134977
-0.13841
-0.0794047
-0.082108
-0.0847788
-0.0874162
-0.0900212
-0.0925954
-0.0951405
-0.0976579
-0.100149
-0.102615
-0.105057
-0.107476
-0.109876
-0.112257
-0.114626
-0.116986
-0.119356
-0.121766
-0.124326
-0.127287
-0.0743446
-0.0768084
-0.0792382
-0.0816331
-0.0839948
-0.0863255
-0.0886265
-0.0908984
-0.093142
-0.0953578
-0.0975473
-0.0997113
-0.101852
-0.103971
-0.106071
-0.108156
-0.110241
-0.112349
-0.114573
-0.117119
-0.0696468
-0.071889
-0.0740978
-0.0762733
-0.0784167
-0.0805291
-0.0826112
-0.0846631
-0.0866852
-0.0886781
-0.0906426
-0.0925794
-0.09449
-0.0963749
-0.0982374
-0.100079
-0.101913
-0.103759
-0.105689
-0.107874
-0.0653006
-0.0673442
-0.0693562
-0.0713363
-0.0732851
-0.0752028
-0.0770896
-0.0789456
-0.080771
-0.082566
-0.0843312
-0.0860669
-0.0877742
-0.0894535
-0.0911072
-0.0927369
-0.0943522
-0.0959683
-0.0976432
-0.0995146
-0.0613116
-0.0631798
-0.0650175
-0.0668243
-0.0686001
-0.0703449
-0.0720587
-0.0737415
-0.0753932
-0.0770138
-0.0786036
-0.0801629
-0.0816922
-0.0831919
-0.0846637
-0.0861088
-0.0875344
-0.0889522
-0.0904078
-0.0920099
-0.0576867
-0.0594003
-0.0610844
-0.0627384
-0.0643619
-0.0659548
-0.0675169
-0.0690479
-0.0705475
-0.0720158
-0.0734528
-0.0748584
-0.0762332
-0.0775772
-0.0788917
-0.0801776
-0.0814403
-0.0826887
-0.0839576
-0.0853312
-0.0544342
-0.0560129
-0.0575631
-0.0590838
-0.0605748
-0.0620355
-0.0634657
-0.064865
-0.0662329
-0.0675694
-0.0688743
-0.0701475
-0.0713893
-0.0725996
-0.0737793
-0.0749289
-0.0760524
-0.0771564
-0.0782664
-0.0794459
-0.0515657
-0.0530283
-0.054463
-0.0558692
-0.0572462
-0.0585935
-0.0599106
-0.061197
-0.0624525
-0.0636765
-0.0648689
-0.0660296
-0.0671585
-0.0682556
-0.0693215
-0.0703563
-0.0713629
-0.0723459
-0.0733236
-0.0743415
-0.0490966
-0.0504608
-0.0517981
-0.0531075
-0.0543883
-0.0556401
-0.0568621
-0.058054
-0.0592151
-0.0603452
-0.0614439
-0.062511
-0.0635464
-0.0645499
-0.0655218
-0.0664623
-0.0673731
-0.0682574
-0.0691274
-0.0700142
-0.0470467
-0.0483299
-0.0495869
-0.0508167
-0.0520186
-0.053192
-0.0543363
-0.0554509
-0.0565354
-0.0575892
-0.058612
-0.0596036
-0.0605638
-0.0614923
-0.0623892
-0.0632547
-0.0640896
-0.064896
-0.0656814
-0.0664653
-0.0454457
-0.0466653
-0.0478595
-0.0490272
-0.0501677
-0.0512802
-0.0523643
-0.0534192
-0.0544445
-0.0554397
-0.0564045
-0.0573385
-0.0582414
-0.0591131
-0.0599535
-0.0607625
-0.0615406
-0.0622888
-0.0630113
-0.0637187
-0.0443175
-0.0454907
-0.0466389
-0.0477614
-0.0488575
-0.0499266
-0.050968
-0.051981
-0.0529652
-0.0539202
-0.0548455
-0.0557407
-0.0566056
-0.0574398
-0.0582433
-0.0590158
-0.0597575
-0.0604686
-0.0611509
-0.0618089
-0.0437485
-0.0448924
-0.046012
-0.0471062
-0.0481741
-0.0492151
-0.0502289
-0.0512151
-0.0521733
-0.0531031
-0.0540041
-0.0548759
-0.0557185
-0.0565315
-0.0573147
-0.058068
-0.0587914
-0.0594848
-0.0601488
-0.0607847
0.0723418
0.0537309
0.0359153
0.019385
0.00192611
-0.0162038
-0.0339968
-0.0512334
-0.0680641
-0.0845014
-0.100458
-0.115885
-0.130792
-0.1452
-0.159117
-0.172751
-0.185444
-0.197165
-0.208175
-0.218673
0.0646305
0.0460059
0.0266562
0.0107565
-0.00487445
-0.0215042
-0.0380365
-0.0538253
-0.0690672
-0.0839585
-0.0984573
-0.112476
-0.125968
-0.138867
-0.151109
-0.16316
-0.1747
-0.185599
-0.195955
-0.205909
0.0566554
0.0387713
0.0191083
0.00376157
-0.0100129
-0.0247498
-0.0398703
-0.0543434
-0.0681316
-0.0815456
-0.0946515
-0.107349
-0.119569
-0.131307
-0.142601
-0.153543
-0.164282
-0.1746
-0.184442
-0.193891
0.0480725
0.0310166
0.0116902
-0.00299532
-0.015206
-0.0281232
-0.0418031
-0.05509
-0.0676296
-0.0797151
-0.0915425
-0.103068
-0.114209
-0.124939
-0.135245
-0.145108
-0.15491
-0.164496
-0.173726
-0.182609
0.0394832
0.0236346
0.00521295
-0.00865724
-0.0195224
-0.0307737
-0.043011
-0.0551604
-0.0666092
-0.0775282
-0.0881888
-0.0986245
-0.108751
-0.118519
-0.127935
-0.137056
-0.146146
-0.155054
-0.163668
-0.171991
0.0311907
0.0167392
-0.000449974
-0.0134641
-0.0232429
-0.033079
-0.0439655
-0.0550268
-0.0655048
-0.075413
-0.0850342
-0.0944791
-0.103694
-0.112613
-0.121233
-0.129614
-0.138012
-0.14625
-0.154248
-0.162016
0.0234018
0.0104063
-0.0053256
-0.0174321
-0.0263205
-0.0349672
-0.0446041
-0.0546084
-0.0641861
-0.0732057
-0.0819103
-0.0904654
-0.0988651
-0.107053
-0.115009
-0.122755
-0.130349
-0.137894
-0.145317
-0.152573
0.01622
0.00463095
-0.00952673
-0.0206732
-0.0288178
-0.0364918
-0.0450111
-0.0540067
-0.0627384
-0.0709685
-0.0788688
-0.0866241
-0.0942709
-0.101766
-0.109074
-0.116189
-0.123115
-0.130038
-0.136909
-0.143661
0.0096973
-0.000592682
-0.0131449
-0.0232828
-0.0307728
-0.0376558
-0.0451986
-0.0532468
-0.0611726
-0.0686826
-0.0758691
-0.0829044
-0.0898538
-0.0966919
-0.10338
-0.109909
-0.116296
-0.122674
-0.12901
-0.135251
0.00384176
-0.00526083
-0.0162343
-0.0253395
-0.0322272
-0.0384633
-0.045172
-0.0523533
-0.0595163
-0.0663597
-0.0729071
-0.0792986
-0.0856126
-0.0918452
-0.0979661
-0.103963
-0.109849
-0.115722
-0.121547
-0.127288
-0.00133603
-0.00934953
-0.0188138
-0.0269027
-0.033229
-0.0389269
-0.04493
-0.051335
-0.0577868
-0.0640104
-0.0699806
-0.0757978
-0.0815386
-0.087213
-0.0927985
-0.098282
-0.10368
-0.109085
-0.114438
-0.119712
-0.00587128
-0.0128683
-0.0208977
-0.0280127
-0.033824
-0.0390724
-0.0444798
-0.0501978
-0.0559951
-0.0616429
-0.0670872
-0.0723912
-0.0776217
-0.0828005
-0.0879171
-0.0929562
-0.0979127
-0.102798
-0.107657
-0.112481
-0.00978672
-0.0158473
-0.0225315
-0.0287207
-0.034057
-0.0389288
-0.0438363
-0.0489514
-0.0541513
-0.0592647
-0.0642256
-0.0690639
-0.0738301
-0.0785482
-0.0832148
-0.0878169
-0.0923442
-0.0967889
-0.101222
-0.105638
-0.0130692
-0.0182921
-0.0237707
-0.0290991
-0.0339844
-0.038528
-0.0430148
-0.0476057
-0.0522653
-0.0568838
-0.0613971
-0.0658091
-0.0701517
-0.0744464
-0.0786954
-0.0828903
-0.0870238
-0.0910956
-0.0951503
-0.0991832
-0.0157384
-0.0202254
-0.0246638
-0.0292143
-0.033665
-0.0379051
-0.0420311
-0.0461694
-0.0503464
-0.0545103
-0.0586092
-0.0626305
-0.0665885
-0.0704995
-0.0743686
-0.0781924
-0.0819662
-0.08569
-0.0893922
-0.0930668
-0.0178352
-0.0216859
-0.0252515
-0.0291163
-0.0331498
-0.0370975
-0.0409049
-0.0446528
-0.0484044
-0.0521556
-0.0558729
-0.0595353
-0.0631433
-0.066706
-0.0702293
-0.0737133
-0.0771555
-0.0805559
-0.0839339
-0.0872816
-0.0194132
-0.0227204
-0.0255692
-0.0288423
-0.032481
-0.0361427
-0.0396612
-0.0430703
-0.04645
-0.0498315
-0.0532004
-0.0565342
-0.0598234
-0.06307
-0.0662784
-0.0694502
-0.0725854
-0.0756855
-0.0787663
-0.0818174
-0.020531
-0.0233779
-0.0256495
-0.0284213
-0.0316929
-0.0350753
-0.0383269
-0.0414395
-0.0444956
-0.0475493
-0.0506033
-0.0536378
-0.0566381
-0.0596006
-0.0625275
-0.0654208
-0.0682799
-0.0711045
-0.073903
-0.0766698
-0.0212475
-0.0237081
-0.0255245
-0.0278789
-0.030815
-0.033928
-0.0369309
-0.0397813
-0.0425559
-0.0453212
-0.0480928
-0.0508564
-0.0535946
-0.0563
-0.0589727
-0.0616144
-0.0642252
-0.0668022
-0.0693372
-0.0718518
-0.0216195
-0.0237598
-0.0252267
-0.0272402
-0.0298747
-0.0327312
-0.0355018
-0.0381188
-0.040648
-0.0431603
-0.0456806
-0.0481995
-0.0507
-0.0531721
-0.0556135
-0.0580253
-0.0604078
-0.0627597
-0.0650785
-0.0673748
-0.021701
-0.0235805
-0.0247895
-0.0265307
-0.0288983
-0.0315142
-0.0340684
-0.0364765
-0.0387917
-0.0410833
-0.0433816
-0.0456822
-0.0479694
-0.0502324
-0.0524673
-0.0546744
-0.0568544
-0.0590065
-0.0611292
-0.0632277
-0.0215426
-0.0232156
-0.0242461
-0.0257769
-0.0279121
-0.0303055
-0.0326595
-0.0348805
-0.037009
-0.0391091
-0.0412131
-0.0433206
-0.0454183
-0.0474951
-0.0495464
-0.0515718
-0.0535716
-0.0555455
-0.0574923
-0.0594148
-0.0211925
-0.0227084
-0.02363
-0.0250059
-0.0269427
-0.0291333
-0.0313034
-0.0333572
-0.0353233
-0.0372582
-0.0391935
-0.0411319
-0.0430625
-0.0449751
-0.0468644
-0.0487295
-0.0505705
-0.052387
-0.0541781
-0.0559452
-0.0206973
-0.0221009
-0.0229743
-0.0242454
-0.0260169
-0.0280257
-0.0300285
-0.0319334
-0.0337589
-0.0355523
-0.0373428
-0.0391347
-0.0409197
-0.0426886
-0.0444364
-0.0461615
-0.0478637
-0.0495426
-0.0511973
-0.0528283
-0.0201032
-0.0214347
-0.0223126
-0.023524
-0.0251622
-0.0270106
-0.0288632
-0.0306368
-0.0323413
-0.0340148
-0.0356824
-0.0373492
-0.039009
-0.040654
-0.0422796
-0.0438839
-0.0454664
-0.0470265
-0.0485633
-0.0500768
-0.0194567
-0.0207524
-0.0216795
-0.022871
-0.0244064
-0.0261167
-0.0278365
-0.0294954
-0.0310973
-0.0326707
-0.0342358
-0.0357977
-0.0373517
-0.0388919
-0.0404138
-0.0419156
-0.0433966
-0.0448559
-0.0462928
-0.0477067
-0.0188044
-0.0200964
-0.0211097
-0.0223153
-0.0237764
-0.025371
-0.0269763
-0.0285374
-0.0300543
-0.0315465
-0.0330287
-0.034505
-0.0359724
-0.0374259
-0.0388622
-0.0402794
-0.0416764
-0.0430525
-0.0444068
-0.0457385
-0.0182033
-0.0195173
-0.0206404
-0.0218854
-0.0232977
-0.0247995
-0.02631
-0.027791
-0.0292404
-0.0306696
-0.032088
-0.0334981
-0.0348978
-0.0362836
-0.0376529
-0.0390038
-0.0403353
-0.0416462
-0.0429354
-0.044202
-0.0177073
-0.0190616
-0.0203028
-0.0216023
-0.0229897
-0.0244252
-0.0258649
-0.0272862
-0.0286865
-0.0300706
-0.0314432
-0.0328052
-0.0341553
-0.035491
-0.0368104
-0.0381119
-0.0393945
-0.0406573
-0.0418994
-0.04312
-0.0174377
-0.0188174
-0.0201253
-0.0214618
-0.0228454
-0.0242542
-0.025663
-0.0270582
-0.028437
-0.0298013
-0.0311529
-0.032492
-0.0338172
-0.0351269
-0.0364193
-0.0376933
-0.0389476
-0.0401812
-0.0413929
-0.0425817
0.0806332
0.0852663
0.0825729
0.091111
0.0904327
0.101267
0.104125
0.117134
0.123568
0.138042
0.145028
0.156767
0.154999
0.151426
0.113246
0.080516
0.0850524
0.0824275
0.0905883
0.0900412
0.100292
0.103066
0.115124
0.121031
0.133881
0.139483
0.148147
0.144101
0.134217
0.0987383
0.0803878
0.084813
0.0822514
0.0900093
0.0895756
0.0991921
0.101828
0.112884
0.118173
0.12932
0.133471
0.139108
0.133137
0.118965
0.0876288
0.0802499
0.0845395
0.0820656
0.0893718
0.0890651
0.0979765
0.100501
0.110453
0.115143
0.124456
0.127279
0.129893
0.12247
0.105463
0.0765943
0.0801016
0.0842306
0.0818709
0.0886749
0.0885138
0.0966483
0.0990908
0.107837
0.11197
0.119348
0.120991
0.120701
0.1122
0.0932374
0.0655597
0.0799427
0.0838826
0.0816643
0.0879174
0.087919
0.0952027
0.0975853
0.105041
0.10865
0.114043
0.114615
0.111669
0.102271
0.0820037
0.054953
0.0797729
0.0834915
0.0814443
0.0870974
0.0872788
0.0936367
0.0959795
0.102077
0.10518
0.108593
0.108166
0.102897
0.0926492
0.071635
0.045101
0.0795918
0.0830539
0.0812091
0.0862133
0.0865911
0.0919523
0.0942685
0.0989701
0.101557
0.103064
0.101678
0.0944596
0.0833561
0.0620832
0.0361595
0.0793987
0.0825674
0.0809561
0.0852642
0.0858526
0.0901583
0.0924431
0.0957511
0.0977863
0.0975267
0.0951833
0.0863936
0.0744496
0.0533217
0.0281686
0.0791927
0.0820308
0.0806817
0.084251
0.0850564
0.0882723
0.0904907
0.0924545
0.0938783
0.0920341
0.088713
0.0787197
0.0660035
0.0453201
0.0210781
0.0789724
0.0814441
0.080381
0.0831781
0.0841906
0.0863187
0.0884034
0.0891121
0.0898469
0.0866232
0.0823031
0.0714508
0.0580901
0.0380415
0.0148131
0.0787361
0.0808091
0.0800471
0.0820548
0.0832403
0.0843218
0.0861814
0.0857462
0.0857078
0.081323
0.0760027
0.0645926
0.0507647
0.0314528
0.00930135
0.078482
0.0801331
0.079671
0.0808955
0.0821942
0.082301
0.0838259
0.0823758
0.081486
0.0761548
0.0698724
0.0581445
0.0440569
0.0255252
0.00448549
0.0782079
0.0794251
0.0792414
0.0797139
0.0810455
0.0802712
0.0813429
0.0790177
0.0772182
0.0711343
0.0639754
0.0521052
0.0379682
0.020233
0.000322639
0.0779115
0.078692
0.0787482
0.0785219
0.0797896
0.0782439
0.0787459
0.0756861
0.0729504
0.0662737
0.0583693
0.0464789
0.0324783
0.0155532
-0.00322027
0.0775898
0.0779441
0.0781851
0.0773293
0.0784254
0.0762276
0.0760566
0.0723915
0.0687348
0.0615866
0.0530973
0.0412753
0.0275565
0.0114598
-0.00618012
0.0772401
0.0771912
0.0775491
0.0761447
0.0769575
0.0742287
0.0733051
0.0691418
0.064624
0.0570924
0.0481858
0.0365053
0.0231718
0.00791831
-0.00860208
0.0768608
0.0764426
0.0768397
0.0749752
0.0753978
0.0722509
0.0705286
0.0659446
0.0606647
0.0528172
0.0436457
0.0321745
0.019296
0.00488893
-0.0105372
0.0764517
0.0757071
0.0760602
0.0738265
0.0737655
0.0702961
0.0677694
0.0628114
0.0568957
0.0487913
0.0394793
0.0282778
0.0159018
0.00233048
-0.012038
0.0760142
0.0749926
0.075219
0.0727022
0.0720867
0.0683657
0.065071
0.0597617
0.0533453
0.0450445
0.0356849
0.0248009
0.0129594
0.000202616
-0.0131546
0.0755518
0.0743058
0.0743295
0.0716049
0.0703936
0.0664631
0.0624732
0.0568238
0.0500319
0.0416003
0.0322606
0.0217243
0.0104354
-0.00153484
-0.0139343
0.0750705
0.0736521
0.0734102
0.0705367
0.0687222
0.0645972
0.0600097
0.0540332
0.0469684
0.0384726
0.0292041
0.0190281
0.00829403
-0.00292315
-0.0144224
0.0745789
0.0730363
0.072484
0.0695014
0.0671089
0.0627851
0.0577089
0.0514282
0.0441658
0.0356658
0.0265107
0.0166936
0.00649974
-0.00400477
-0.0146636
0.0740883
0.072463
0.071577
0.0685061
0.0655886
0.0610536
0.055594
0.0490457
0.0416371
0.0331789
0.0241716
0.0147025
0.00501895
-0.004822
-0.0147031
0.0736124
0.0719373
0.0707168
0.0675634
0.064193
0.0594386
0.0536858
0.046917
0.0393981
0.0310108
0.0221749
0.0130356
0.00382059
-0.00541548
-0.0145858
0.0731674
0.0714661
0.0699312
0.0666929
0.0629509
0.0579816
0.0520067
0.0450679
0.0374671
0.029163
0.0205076
0.0116724
0.00287546
-0.00582347
-0.0143563
0.0727712
0.0710586
0.0692476
0.0659221
0.0618897
0.0567262
0.0505831
0.0435222
0.0358643
0.0276423
0.0191591
0.0105929
0.00215551
-0.00608277
-0.0140595
0.0724432
0.0707272
0.0686926
0.065285
0.0610389
0.055715
0.0494479
0.0423059
0.0346121
0.0264616
0.0181259
0.00978113
0.00163475
-0.00622893
-0.0137441
0.0722041
0.0704877
0.068293
0.0648198
0.0604313
0.0549917
0.04864
0.0414501
0.0337372
0.0256407
0.0174146
0.00923124
0.00129236
-0.00630128
-0.0134627
0.0720748
0.0703595
0.0680773
0.0645669
0.0601051
0.0546034
0.0482066
0.0409947
0.0332733
0.0252079
0.0170424
0.00894921
0.00112468
-0.0063217
-0.0133
0.081236
0.0871333
0.0828112
0.0943063
0.0909894
0.105952
0.107058
0.125247
0.133013
0.155885
0.172877
0.20321
0.232241
0.273584
0.317302
0.0812339
0.0871216
0.0828126
0.0942884
0.0909905
0.105925
0.107049
0.125206
0.132968
0.155804
0.172735
0.202998
0.231844
0.272992
0.316271
0.0812297
0.0870981
0.0828154
0.0942526
0.0909925
0.105872
0.107031
0.125124
0.132877
0.155641
0.172453
0.202575
0.231053
0.271808
0.314207
0.0812234
0.0870633
0.0828193
0.0941992
0.0909951
0.105793
0.107003
0.125002
0.132742
0.155396
0.172032
0.201941
0.22987
0.270038
0.311112
0.0812148
0.0870174
0.082824
0.0941286
0.0909982
0.105689
0.106965
0.124839
0.132564
0.155069
0.171475
0.201096
0.228296
0.267685
0.306985
0.0812038
0.0869608
0.0828292
0.0940412
0.0910012
0.10556
0.106917
0.124637
0.132343
0.154661
0.170785
0.200041
0.226338
0.264755
0.301832
0.0811904
0.0868942
0.0828344
0.0939376
0.0910036
0.105408
0.106857
0.124397
0.132082
0.154171
0.169965
0.198777
0.224
0.26125
0.295659
0.0811743
0.0868182
0.0828392
0.0938185
0.0910049
0.105234
0.106785
0.124119
0.13178
0.153599
0.16902
0.197304
0.22129
0.257176
0.288477
0.0811555
0.0867334
0.0828428
0.0936845
0.0910045
0.105039
0.106701
0.123805
0.13144
0.152947
0.167953
0.195624
0.218214
0.252538
0.280301
0.0811337
0.0866406
0.0828449
0.0935366
0.0910023
0.104823
0.106603
0.123457
0.131063
0.152216
0.16677
0.193735
0.214782
0.247344
0.27115
0.0811088
0.0865407
0.0828448
0.0933756
0.0909968
0.104592
0.106491
0.123076
0.130648
0.151407
0.165474
0.191636
0.211004
0.241599
0.261048
0.0810806
0.0864345
0.082842
0.0932027
0.0909886
0.104332
0.106363
0.122665
0.130198
0.150523
0.16407
0.189326
0.206891
0.23531
0.250025
0.0810489
0.0863228
0.0828357
0.0930186
0.0909796
0.104055
0.106215
0.122225
0.129712
0.149567
0.162559
0.186805
0.202458
0.228481
0.238111
0.0810135
0.0862064
0.0828255
0.0928247
0.090965
0.103836
0.106052
0.121759
0.129191
0.148541
0.160946
0.184073
0.19772
0.221117
0.225347
0.0809743
0.0860862
0.0828107
0.0926219
0.0909413
0.103547
0.105877
0.12127
0.128634
0.147449
0.159231
0.181131
0.192691
0.213221
0.211773
0.080931
0.0859628
0.082791
0.0924111
0.0909085
0.103255
0.105687
0.12076
0.128043
0.146295
0.157416
0.177986
0.187389
0.204794
0.197441
0.0808837
0.085837
0.0827657
0.0921932
0.0908659
0.102953
0.105481
0.120231
0.127413
0.14508
0.155499
0.17464
0.18183
0.195836
0.1824
0.0808323
0.0857101
0.0827351
0.0919709
0.0908144
0.10264
0.10526
0.11968
0.126745
0.143799
0.153477
0.171095
0.17603
0.186369
0.166706
0.0807768
0.085583
0.0826992
0.0917498
0.0907635
0.102336
0.105044
0.119143
0.12608
0.142518
0.15139
0.167418
0.170005
0.176379
0.150531
0.0807158
0.0854507
0.0826516
0.0915093
0.0906865
0.102008
0.104777
0.118588
0.125326
0.141165
0.149127
0.163483
0.163674
0.165792
0.133534
0.0807158
0.0854507
0.0826516
0.0915093
0.0906865
0.102008
0.104777
0.118588
0.125326
0.141165
0.149127
0.163483
0.163674
0.165792
0.133534
0.0807768
0.085583
0.0826992
0.0917499
0.0907635
0.102336
0.105044
0.119143
0.12608
0.142518
0.15139
0.167418
0.170005
0.176379
0.150531
0.0808324
0.0857101
0.0827351
0.0919709
0.0908144
0.10264
0.10526
0.11968
0.126745
0.1438
0.153477
0.171095
0.17603
0.186369
0.166706
0.0808837
0.085837
0.0827657
0.0921932
0.0908659
0.102953
0.105481
0.120231
0.127413
0.14508
0.155499
0.17464
0.18183
0.195837
0.1824
0.0809311
0.0859628
0.082791
0.0924111
0.0909085
0.103255
0.105687
0.12076
0.128043
0.146295
0.157416
0.177986
0.187389
0.204794
0.197441
0.0809743
0.0860862
0.0828107
0.0926219
0.0909413
0.103547
0.105877
0.12127
0.128634
0.147449
0.159231
0.181131
0.192691
0.213221
0.211773
0.0810135
0.0862064
0.0828255
0.0928247
0.090965
0.103836
0.106052
0.121759
0.129191
0.148541
0.160946
0.184073
0.19772
0.221117
0.225347
0.0810489
0.0863228
0.0828357
0.0930186
0.0909796
0.104055
0.106215
0.122225
0.129712
0.149567
0.162559
0.186805
0.202458
0.228481
0.238111
0.0810806
0.0864345
0.082842
0.0932027
0.0909886
0.104332
0.106363
0.122665
0.130198
0.150523
0.16407
0.189326
0.206891
0.23531
0.250025
0.0811088
0.0865407
0.0828448
0.0933756
0.0909968
0.104592
0.106491
0.123076
0.130648
0.151407
0.165474
0.191636
0.211004
0.241599
0.261048
0.0811337
0.0866406
0.0828449
0.0935366
0.0910023
0.104823
0.106603
0.123457
0.131063
0.152216
0.16677
0.193735
0.214782
0.247344
0.27115
0.0811555
0.0867334
0.0828429
0.0936845
0.0910045
0.105039
0.106701
0.123805
0.13144
0.152947
0.167953
0.195624
0.218214
0.252538
0.280301
0.0811743
0.0868182
0.0828392
0.0938185
0.0910049
0.105234
0.106785
0.124119
0.13178
0.153599
0.16902
0.197304
0.22129
0.257176
0.288477
0.0811904
0.0868942
0.0828344
0.0939376
0.0910036
0.105408
0.106857
0.124397
0.132082
0.154171
0.169965
0.198777
0.224
0.26125
0.295659
0.0812038
0.0869608
0.0828292
0.0940412
0.0910012
0.10556
0.106917
0.124637
0.132343
0.154661
0.170785
0.200041
0.226338
0.264755
0.301832
0.0812148
0.0870174
0.082824
0.0941286
0.0909982
0.105689
0.106965
0.124839
0.132564
0.155069
0.171475
0.201096
0.228296
0.267685
0.306985
0.0812234
0.0870633
0.0828193
0.0941992
0.0909951
0.105793
0.107003
0.125002
0.132742
0.155396
0.172032
0.201941
0.22987
0.270038
0.311112
0.0812297
0.0870981
0.0828154
0.0942526
0.0909925
0.105872
0.107031
0.125124
0.132877
0.155641
0.172453
0.202575
0.231053
0.271808
0.314207
0.0812339
0.0871216
0.0828126
0.0942884
0.0909905
0.105925
0.107049
0.125206
0.132968
0.155804
0.172735
0.202998
0.231844
0.272992
0.316271
0.081236
0.0871333
0.0828112
0.0943063
0.0909894
0.105952
0.107058
0.125247
0.133013
0.155885
0.172877
0.20321
0.232241
0.273584
0.317302
0.0720749
0.0703596
0.0680773
0.064567
0.0601052
0.0546035
0.0482066
0.0409947
0.0332734
0.025208
0.0170425
0.00894925
0.00112473
-0.00632165
-0.0132999
0.0722041
0.0704877
0.068293
0.0648198
0.0604314
0.0549917
0.0486401
0.0414502
0.0337373
0.0256407
0.0174147
0.00923129
0.00129241
-0.00630123
-0.0134627
0.0724432
0.0707273
0.0686927
0.065285
0.0610389
0.0557151
0.0494479
0.042306
0.0346122
0.0264616
0.018126
0.00978118
0.0016348
-0.00622888
-0.0137441
0.0727712
0.0710586
0.0692476
0.0659221
0.0618898
0.0567262
0.0505832
0.0435223
0.0358643
0.0276424
0.0191592
0.0105929
0.00215556
-0.00608272
-0.0140594
0.0731674
0.0714661
0.0699312
0.066693
0.0629509
0.0579816
0.0520067
0.0450679
0.0374671
0.029163
0.0205076
0.0116725
0.00287551
-0.00582342
-0.0143563
0.0736125
0.0719373
0.0707168
0.0675634
0.0641931
0.0594386
0.0536858
0.0469171
0.0393981
0.0310108
0.022175
0.0130357
0.00382065
-0.00541543
-0.0145857
0.0740883
0.072463
0.0715771
0.0685061
0.0655887
0.0610536
0.055594
0.0490458
0.0416371
0.033179
0.0241717
0.0147025
0.005019
-0.00482194
-0.014703
0.0745789
0.0730363
0.0724841
0.0695014
0.0671089
0.0627852
0.0577089
0.0514282
0.0441659
0.0356658
0.0265107
0.0166936
0.0064998
-0.00400471
-0.0146636
0.0750705
0.0736521
0.0734102
0.0705367
0.0687222
0.0645973
0.0600097
0.0540332
0.0469684
0.0384726
0.0292041
0.0190281
0.00829409
-0.00292309
-0.0144224
0.0755518
0.0743058
0.0743295
0.0716049
0.0703936
0.0664631
0.0624732
0.0568239
0.050032
0.0416004
0.0322607
0.0217243
0.0104354
-0.00153478
-0.0139343
0.0760142
0.0749927
0.075219
0.0727023
0.0720867
0.0683657
0.065071
0.0597618
0.0533453
0.0450446
0.0356849
0.0248009
0.0129595
0.00020268
-0.0131545
0.0764517
0.0757071
0.0760602
0.0738265
0.0737655
0.0702961
0.0677695
0.0628114
0.0568957
0.0487914
0.0394793
0.0282778
0.0159019
0.00233055
-0.0120379
0.0768608
0.0764426
0.0768397
0.0749752
0.0753978
0.0722509
0.0705286
0.0659446
0.0606647
0.0528172
0.0436458
0.0321745
0.0192961
0.004889
-0.0105372
0.0772401
0.0771912
0.0775491
0.0761447
0.0769575
0.0742287
0.0733051
0.0691418
0.064624
0.0570925
0.0481858
0.0365054
0.0231718
0.00791838
-0.008602
0.0775898
0.0779442
0.0781851
0.0773293
0.0784254
0.0762276
0.0760567
0.0723915
0.0687349
0.0615867
0.0530974
0.0412753
0.0275565
0.0114598
-0.00618004
0.0779115
0.078692
0.0787483
0.0785219
0.0797896
0.0782439
0.078746
0.0756861
0.0729505
0.0662737
0.0583693
0.046479
0.0324783
0.0155533
-0.00322019
0.0782079
0.0794251
0.0792414
0.0797139
0.0810456
0.0802713
0.081343
0.0790178
0.0772182
0.0711344
0.0639755
0.0521053
0.0379683
0.0202331
0.000322724
0.078482
0.0801331
0.0796711
0.0808955
0.0821942
0.082301
0.0838259
0.0823758
0.0814861
0.0761549
0.0698724
0.0581445
0.044057
0.0255253
0.00448557
0.0787361
0.0808092
0.0800471
0.0820548
0.0832403
0.0843218
0.0861814
0.0857462
0.0857078
0.081323
0.0760028
0.0645926
0.0507648
0.0314528
0.00930144
0.0789724
0.0814441
0.080381
0.0831781
0.0841906
0.0863187
0.0884034
0.0891121
0.0898469
0.0866233
0.0823032
0.0714509
0.0580901
0.0380416
0.0148132
0.0791927
0.0820308
0.0806817
0.0842511
0.0850564
0.0882723
0.0904907
0.0924546
0.0938783
0.0920341
0.0887131
0.0787197
0.0660036
0.0453202
0.0210782
0.0793988
0.0825674
0.0809561
0.0852642
0.0858526
0.0901583
0.0924432
0.0957511
0.0977863
0.0975267
0.0951834
0.0863937
0.0744496
0.0533218
0.0281687
0.0795918
0.0830539
0.0812091
0.0862133
0.0865911
0.0919523
0.0942686
0.0989702
0.101557
0.103064
0.101678
0.0944597
0.0833562
0.0620832
0.0361596
0.0797729
0.0834915
0.0814443
0.0870974
0.0872788
0.0936367
0.0959795
0.102077
0.10518
0.108593
0.108166
0.102897
0.0926493
0.0716351
0.0451011
0.0799427
0.0838826
0.0816643
0.0879174
0.087919
0.0952027
0.0975853
0.105041
0.10865
0.114043
0.114615
0.111669
0.102271
0.0820038
0.0549531
0.0801016
0.0842306
0.0818709
0.088675
0.0885138
0.0966483
0.0990909
0.107837
0.11197
0.119348
0.120991
0.120701
0.1122
0.0932375
0.0655598
0.0802499
0.0845395
0.0820656
0.0893719
0.0890652
0.0979766
0.100501
0.110453
0.115143
0.124456
0.127279
0.129893
0.12247
0.105463
0.0765944
0.0803878
0.084813
0.0822514
0.0900093
0.0895756
0.0991921
0.101828
0.112884
0.118173
0.12932
0.133471
0.139108
0.133137
0.118966
0.0876289
0.080516
0.0850524
0.0824275
0.0905883
0.0900413
0.100292
0.103066
0.115124
0.121031
0.133881
0.139483
0.148147
0.144101
0.134217
0.0987384
0.0806332
0.0852663
0.0825729
0.091111
0.0904327
0.101267
0.104125
0.117134
0.123568
0.138042
0.145028
0.156767
0.154999
0.151426
0.113246
-0.0174376
-0.0188174
-0.0201252
-0.0214618
-0.0228454
-0.0242542
-0.025663
-0.0270581
-0.0284369
-0.0298012
-0.0311529
-0.0324919
-0.0338171
-0.0351268
-0.0364193
-0.0376933
-0.0389476
-0.0401812
-0.0413929
-0.0425817
-0.0177072
-0.0190616
-0.0203027
-0.0216023
-0.0229896
-0.0244252
-0.0258648
-0.0272862
-0.0286864
-0.0300706
-0.0314431
-0.0328052
-0.0341553
-0.035491
-0.0368104
-0.0381119
-0.0393945
-0.0406573
-0.0418993
-0.0431199
-0.0182032
-0.0195172
-0.0206403
-0.0218853
-0.0232976
-0.0247994
-0.0263099
-0.0277909
-0.0292403
-0.0306696
-0.032088
-0.0334981
-0.0348977
-0.0362836
-0.0376529
-0.0390038
-0.0403352
-0.0416461
-0.0429354
-0.0442019
-0.0188043
-0.0200963
-0.0211096
-0.0223152
-0.0237763
-0.0253709
-0.0269763
-0.0285374
-0.0300543
-0.0315464
-0.0330287
-0.034505
-0.0359723
-0.0374259
-0.0388622
-0.0402793
-0.0416764
-0.0430525
-0.0444067
-0.0457385
-0.0194566
-0.0207523
-0.0216795
-0.0228709
-0.0244063
-0.0261166
-0.0278365
-0.0294953
-0.0310972
-0.0326706
-0.0342358
-0.0357976
-0.0373517
-0.0388918
-0.0404137
-0.0419156
-0.0433965
-0.0448559
-0.0462928
-0.0477067
-0.0201031
-0.0214347
-0.0223126
-0.0235239
-0.0251621
-0.0270106
-0.0288632
-0.0306367
-0.0323413
-0.0340147
-0.0356823
-0.0373491
-0.0390089
-0.040654
-0.0422796
-0.0438839
-0.0454663
-0.0470264
-0.0485632
-0.0500767
-0.0206972
-0.0221008
-0.0229743
-0.0242454
-0.0260168
-0.0280256
-0.0300284
-0.0319334
-0.0337589
-0.0355522
-0.0373427
-0.0391347
-0.0409197
-0.0426886
-0.0444364
-0.0461615
-0.0478637
-0.0495426
-0.0511973
-0.0528282
-0.0211924
-0.0227083
-0.02363
-0.0250058
-0.0269426
-0.0291333
-0.0313033
-0.0333571
-0.0353232
-0.0372581
-0.0391935
-0.0411319
-0.0430625
-0.044975
-0.0468644
-0.0487295
-0.0505705
-0.052387
-0.0541781
-0.0559451
-0.0215426
-0.0232155
-0.0242461
-0.0257768
-0.0279121
-0.0303055
-0.0326594
-0.0348804
-0.0370089
-0.0391091
-0.0412131
-0.0433205
-0.0454182
-0.047495
-0.0495464
-0.0515718
-0.0535716
-0.0555454
-0.0574922
-0.0594148
-0.021701
-0.0235804
-0.0247894
-0.0265306
-0.0288983
-0.0315141
-0.0340684
-0.0364764
-0.0387916
-0.0410833
-0.0433815
-0.0456821
-0.0479694
-0.0502323
-0.0524672
-0.0546744
-0.0568543
-0.0590064
-0.0611291
-0.0632277
-0.0216195
-0.0237597
-0.0252267
-0.0272401
-0.0298747
-0.0327311
-0.0355017
-0.0381187
-0.0406479
-0.0431602
-0.0456805
-0.0481994
-0.0506999
-0.053172
-0.0556134
-0.0580252
-0.0604078
-0.0627597
-0.0650785
-0.0673747
-0.0212474
-0.023708
-0.0255245
-0.0278788
-0.030815
-0.0339279
-0.0369308
-0.0397813
-0.0425559
-0.0453211
-0.0480928
-0.0508563
-0.0535945
-0.0563
-0.0589726
-0.0616143
-0.0642251
-0.0668021
-0.0693372
-0.0718517
-0.0205309
-0.0233779
-0.0256495
-0.0284212
-0.0316928
-0.0350752
-0.0383269
-0.0414394
-0.0444955
-0.0475492
-0.0506032
-0.0536378
-0.0566381
-0.0596005
-0.0625274
-0.0654207
-0.0682798
-0.0711044
-0.0739029
-0.0766698
-0.0194131
-0.0227203
-0.0255691
-0.0288422
-0.0324809
-0.0361426
-0.0396611
-0.0430702
-0.0464499
-0.0498314
-0.0532003
-0.0565341
-0.0598233
-0.06307
-0.0662783
-0.0694501
-0.0725853
-0.0756854
-0.0787662
-0.0818174
-0.0178351
-0.0216859
-0.0252514
-0.0291163
-0.0331497
-0.0370975
-0.0409049
-0.0446528
-0.0484043
-0.0521555
-0.0558728
-0.0595353
-0.0631432
-0.0667059
-0.0702292
-0.0737132
-0.0771554
-0.0805559
-0.0839338
-0.0872816
-0.0157383
-0.0202253
-0.0246638
-0.0292142
-0.0336649
-0.037905
-0.042031
-0.0461693
-0.0503463
-0.0545102
-0.0586091
-0.0626304
-0.0665884
-0.0704994
-0.0743685
-0.0781923
-0.0819661
-0.0856899
-0.0893921
-0.0930667
-0.0130691
-0.018292
-0.0237706
-0.029099
-0.0339843
-0.0385279
-0.0430147
-0.0476056
-0.0522652
-0.0568837
-0.061397
-0.065809
-0.0701516
-0.0744464
-0.0786953
-0.0828902
-0.0870237
-0.0910955
-0.0951502
-0.0991831
-0.00978662
-0.0158472
-0.0225314
-0.0287206
-0.0340569
-0.0389287
-0.0438362
-0.0489513
-0.0541512
-0.0592646
-0.0642255
-0.0690638
-0.07383
-0.0785481
-0.0832147
-0.0878168
-0.0923441
-0.0967888
-0.101222
-0.105638
-0.00587118
-0.0128682
-0.0208976
-0.0280126
-0.0338239
-0.0390723
-0.0444797
-0.0501977
-0.055995
-0.0616427
-0.0670871
-0.0723911
-0.0776216
-0.0828004
-0.087917
-0.0929561
-0.0979126
-0.102798
-0.107657
-0.11248
-0.00133593
-0.00934943
-0.0188137
-0.0269026
-0.0332289
-0.0389268
-0.0449299
-0.0513349
-0.0577867
-0.0640103
-0.0699805
-0.0757977
-0.0815385
-0.0872129
-0.0927984
-0.0982819
-0.10368
-0.109085
-0.114438
-0.119712
0.00384186
-0.00526073
-0.0162342
-0.0253394
-0.0322271
-0.0384632
-0.0451719
-0.0523532
-0.0595162
-0.0663596
-0.072907
-0.0792985
-0.0856125
-0.0918451
-0.097966
-0.103963
-0.109849
-0.115722
-0.121547
-0.127288
0.0096974
-0.000592576
-0.0131448
-0.0232827
-0.0307727
-0.0376557
-0.0451985
-0.0532467
-0.0611725
-0.0686825
-0.0758689
-0.0829043
-0.0898537
-0.0966917
-0.10338
-0.109909
-0.116296
-0.122674
-0.12901
-0.135251
0.0162201
0.00463105
-0.00952662
-0.0206731
-0.0288177
-0.0364917
-0.045011
-0.0540066
-0.0627383
-0.0709684
-0.0788686
-0.086624
-0.0942708
-0.101766
-0.109074
-0.116189
-0.123115
-0.130038
-0.136909
-0.143661
0.0234019
0.0104064
-0.00532549
-0.017432
-0.0263204
-0.0349671
-0.044604
-0.0546082
-0.064186
-0.0732056
-0.0819102
-0.0904653
-0.0988649
-0.107053
-0.115009
-0.122754
-0.130349
-0.137894
-0.145317
-0.152573
0.0311908
0.0167393
-0.000449862
-0.013464
-0.0232428
-0.0330788
-0.0439653
-0.0550267
-0.0655047
-0.0754129
-0.0850341
-0.094479
-0.103694
-0.112613
-0.121233
-0.129614
-0.138011
-0.14625
-0.154248
-0.162016
0.0394833
0.0236347
0.00521306
-0.00865712
-0.0195223
-0.0307735
-0.0430109
-0.0551602
-0.0666091
-0.0775281
-0.0881886
-0.0986244
-0.108751
-0.118519
-0.127935
-0.137056
-0.146146
-0.155054
-0.163668
-0.171991
0.0480727
0.0310168
0.0116903
-0.0029952
-0.0152059
-0.0281231
-0.041803
-0.0550899
-0.0676294
-0.079715
-0.0915424
-0.103068
-0.114209
-0.124939
-0.135245
-0.145108
-0.15491
-0.164496
-0.173726
-0.182609
0.0566555
0.0387714
0.0191084
0.00376169
-0.0100128
-0.0247496
-0.0398701
-0.0543433
-0.0681315
-0.0815455
-0.0946514
-0.107349
-0.119569
-0.131306
-0.142601
-0.153543
-0.164282
-0.1746
-0.184442
-0.193891
0.0646307
0.046006
0.0266563
0.0107566
-0.00487433
-0.0215041
-0.0380364
-0.0538252
-0.0690671
-0.0839584
-0.0984571
-0.112476
-0.125968
-0.138867
-0.151109
-0.163159
-0.1747
-0.185599
-0.195955
-0.205909
0.0723419
0.053731
0.0359154
0.0193851
0.00192623
-0.0162037
-0.0339966
-0.0512333
-0.068064
-0.0845013
-0.100457
-0.115885
-0.130791
-0.1452
-0.159117
-0.17275
-0.185444
-0.197165
-0.208175
-0.218673
-0.0437484
-0.0448923
-0.046012
-0.0471062
-0.0481741
-0.0492151
-0.0502289
-0.0512151
-0.0521733
-0.053103
-0.054004
-0.0548759
-0.0557184
-0.0565314
-0.0573146
-0.058068
-0.0587913
-0.0594848
-0.0601488
-0.0607847
-0.0443174
-0.0454907
-0.0466388
-0.0477613
-0.0488575
-0.0499266
-0.0509679
-0.051981
-0.0529652
-0.0539202
-0.0548454
-0.0557406
-0.0566055
-0.0574398
-0.0582432
-0.0590157
-0.0597574
-0.0604685
-0.0611509
-0.0618088
-0.0454457
-0.0466653
-0.0478595
-0.0490272
-0.0501676
-0.0512802
-0.0523643
-0.0534192
-0.0544444
-0.0554397
-0.0564044
-0.0573384
-0.0582414
-0.0591131
-0.0599534
-0.0607624
-0.0615405
-0.0622888
-0.0630113
-0.0637186
-0.0470466
-0.0483298
-0.0495868
-0.0508166
-0.0520185
-0.0531919
-0.0543362
-0.0554509
-0.0565353
-0.0575891
-0.058612
-0.0596036
-0.0605637
-0.0614922
-0.0623892
-0.0632546
-0.0640896
-0.0648959
-0.0656813
-0.0664653
-0.0490965
-0.0504607
-0.051798
-0.0531074
-0.0543883
-0.05564
-0.0568621
-0.0580539
-0.0592151
-0.0603452
-0.0614439
-0.062511
-0.0635463
-0.0645499
-0.0655218
-0.0664623
-0.0673731
-0.0682573
-0.0691273
-0.0700142
-0.0515657
-0.0530282
-0.054463
-0.0558692
-0.0572461
-0.0585934
-0.0599105
-0.061197
-0.0624524
-0.0636764
-0.0648689
-0.0660295
-0.0671585
-0.0682556
-0.0693214
-0.0703563
-0.0713629
-0.0723459
-0.0733235
-0.0743414
-0.0544341
-0.0560129
-0.057563
-0.0590838
-0.0605747
-0.0620355
-0.0634657
-0.0648649
-0.0662329
-0.0675693
-0.0688742
-0.0701475
-0.0713892
-0.0725995
-0.0737792
-0.0749289
-0.0760524
-0.0771564
-0.0782664
-0.0794458
-0.0576867
-0.0594003
-0.0610844
-0.0627383
-0.0643618
-0.0659547
-0.0675168
-0.0690478
-0.0705475
-0.0720158
-0.0734527
-0.0748583
-0.0762331
-0.0775772
-0.0788917
-0.0801776
-0.0814402
-0.0826887
-0.0839575
-0.0853312
-0.0613116
-0.0631797
-0.0650175
-0.0668242
-0.0686
-0.0703448
-0.0720587
-0.0737415
-0.0753931
-0.0770137
-0.0786036
-0.0801628
-0.0816922
-0.0831919
-0.0846637
-0.0861088
-0.0875343
-0.0889522
-0.0904077
-0.0920098
-0.0653006
-0.0673441
-0.0693561
-0.0713363
-0.073285
-0.0752027
-0.0770896
-0.0789455
-0.0807709
-0.0825659
-0.0843311
-0.0860668
-0.0877741
-0.0894534
-0.0911072
-0.0927369
-0.0943522
-0.0959682
-0.0976432
-0.0995146
-0.0696468
-0.0718889
-0.0740978
-0.0762732
-0.0784166
-0.080529
-0.0826111
-0.084663
-0.0866851
-0.088678
-0.0906425
-0.0925793
-0.0944899
-0.0963748
-0.0982373
-0.100079
-0.101913
-0.103759
-0.105689
-0.107874
-0.0743445
-0.0768083
-0.0792382
-0.0816331
-0.0839948
-0.0863254
-0.0886264
-0.0908983
-0.0931419
-0.0953577
-0.0975472
-0.0997112
-0.101852
-0.103971
-0.106071
-0.108156
-0.110241
-0.112349
-0.114573
-0.117119
-0.0794046
-0.0821079
-0.0847787
-0.0874162
-0.0900211
-0.0925953
-0.0951405
-0.0976579
-0.100149
-0.102615
-0.105057
-0.107476
-0.109876
-0.112257
-0.114626
-0.116986
-0.119356
-0.121766
-0.124326
-0.127287
-0.0848298
-0.0878004
-0.0907331
-0.0936336
-0.0965046
-0.0993468
-0.102161
-0.10495
-0.107715
-0.110457
-0.113181
-0.115886
-0.118577
-0.121254
-0.123924
-0.126592
-0.129283
-0.132033
-0.134977
-0.13841
-0.0905896
-0.0938549
-0.0970819
-0.100276
-0.103441
-0.106579
-0.109692
-0.112781
-0.115849
-0.118898
-0.121931
-0.124952
-0.127966
-0.130974
-0.133985
-0.137001
-0.140054
-0.143185
-0.146557
-0.150523
-0.0967018
-0.100292
-0.10384
-0.107353
-0.110838
-0.114298
-0.117737
-0.121155
-0.124557
-0.127944
-0.131321
-0.13469
-0.138057
-0.141426
-0.144811
-0.148218
-0.15168
-0.155247
-0.159104
-0.163666
-0.103176
-0.107119
-0.111015
-0.114875
-0.118707
-0.122516
-0.126306
-0.130081
-0.133844
-0.1376
-0.141355
-0.145112
-0.148874
-0.152643
-0.156433
-0.160256
-0.16416
-0.168209
-0.172616
-0.177852
-0.110013
-0.114335
-0.118607
-0.122841
-0.127048
-0.131236
-0.135407
-0.139566
-0.143717
-0.147865
-0.152021
-0.156191
-0.160387
-0.164609
-0.168867
-0.173162
-0.177544
-0.1821
-0.187091
-0.193069
-0.11725
-0.121963
-0.12663
-0.131261
-0.135868
-0.140459
-0.145039
-0.149614
-0.154188
-0.158765
-0.163351
-0.167951
-0.172585
-0.177265
-0.182022
-0.186858
-0.191815
-0.19696
-0.202589
-0.209346
-0.124903
-0.130026
-0.135104
-0.140151
-0.145176
-0.150187
-0.155191
-0.160198
-0.165219
-0.170262
-0.175331
-0.180426
-0.185549
-0.190705
-0.195933
-0.201271
-0.206812
-0.212631
-0.21903
-0.226668
-0.132933
-0.138501
-0.144017
-0.149503
-0.154968
-0.160422
-0.165868
-0.171319
-0.176784
-0.182284
-0.187836
-0.193457
-0.199154
-0.204914
-0.210735
-0.216618
-0.222683
-0.229083
-0.236241
-0.244863
-0.14138
-0.147416
-0.153388
-0.159329
-0.165251
-0.171169
-0.177082
-0.183007
-0.18894
-0.194906
-0.200903
-0.206981
-0.213164
-0.219508
-0.22602
-0.232685
-0.239516
-0.246605
-0.254456
-0.263987
-0.150278
-0.156788
-0.163227
-0.169631
-0.176013
-0.182399
-0.188787
-0.195211
-0.201657
-0.208166
-0.214692
-0.221291
-0.227913
-0.23468
-0.241617
-0.248895
-0.256555
-0.264685
-0.273584
-0.284155
-0.159671
-0.166654
-0.173562
-0.180431
-0.187267
-0.194106
-0.200941
-0.207833
-0.214758
-0.221815
-0.228928
-0.236224
-0.243531
-0.250998
-0.258421
-0.266107
-0.274079
-0.282869
-0.292799
-0.304772
-0.1696
-0.177056
-0.184428
-0.191752
-0.199034
-0.20631
-0.213568
-0.220878
-0.228201
-0.235676
-0.243207
-0.251054
-0.258998
-0.267407
-0.275808
-0.284618
-0.293269
-0.302597
-0.312842
-0.325853
-0.180082
-0.188013
-0.19584
-0.203603
-0.211316
-0.219013
-0.226689
-0.234406
-0.242117
-0.249954
-0.257778
-0.265898
-0.27402
-0.282798
-0.291668
-0.301651
-0.311646
-0.322835
-0.334161
-0.348222
-0.191219
-0.199629
-0.207896
-0.216067
-0.224172
-0.232249
-0.240318
-0.248431
-0.256573
-0.264842
-0.27312
-0.281647
-0.290063
-0.299007
-0.3077
-0.317682
-0.327605
-0.340158
-0.353116
-0.369776
-0.203035
-0.211937
-0.220644
-0.229202
-0.237658
-0.246063
-0.254468
-0.262925
-0.271477
-0.280199
-0.289081
-0.298278
-0.307579
-0.317414
-0.326981
-0.337572
-0.347239
-0.359584
-0.371459
-0.389908
-0.215545
-0.224909
-0.234028
-0.242939
-0.251694
-0.26035
-0.268976
-0.277634
-0.286407
-0.29536
-0.304592
-0.314189
-0.324218
-0.334894
-0.345985
-0.358239
-0.370127
-0.384243
-0.39606
-0.414483
-0.228749
-0.238455
-0.247843
-0.256942
-0.26579
-0.274438
-0.282953
-0.291407
-0.299883
-0.308458
-0.317244
-0.326312
-0.335826
-0.345863
-0.356651
-0.368458
-0.381368
-0.396608
-0.41234
-0.432776
-0.0617915
-0.0630696
-0.0642105
-0.0651767
-0.065933
-0.0664489
-0.066694
-0.066638
-0.0662498
-0.0655015
-0.0643675
-0.0628301
-0.0608781
-0.0585139
-0.0557496
-0.0526162
-0.0491527
-0.0454188
-0.0414741
-0.0373954
-0.0332518
-0.0291264
-0.0250751
-0.021167
-0.0174293
-0.0139011
-0.0105617
-0.00741595
-0.0043924
-0.00147259
-0.0628626
-0.0641849
-0.0653408
-0.0663
-0.0670367
-0.0675266
-0.0677402
-0.067645
-0.0672072
-0.0663968
-0.0651879
-0.0635636
-0.0615144
-0.0590454
-0.0561721
-0.0529292
-0.0493595
-0.0455263
-0.0414926
-0.0373387
-0.0331358
-0.0289682
-0.0248919
-0.0209753
-0.0172431
-0.0137328
-0.0104207
-0.00731015
-0.0043265
-0.00145046
-0.06487
-0.0662821
-0.0674707
-0.0684208
-0.0691244
-0.0695669
-0.0697208
-0.0695505
-0.0690172
-0.0680877
-0.0667348
-0.0649435
-0.0627079
-0.0600385
-0.0569572
-0.0535058
-0.0497344
-0.0457133
-0.0415125
-0.0372182
-0.0329057
-0.0286609
-0.0245401
-0.0206095
-0.01689
-0.0134145
-0.0101549
-0.00711052
-0.00420228
-0.00140796
-0.0677623
-0.0693066
-0.0705423
-0.0714772
-0.07213
-0.0725017
-0.0725672
-0.0722856
-0.071611
-0.0705051
-0.06894
-0.066903
-0.0643944
-0.0614324
-0.0580489
-0.0542959
-0.0502344
-0.0459451
-0.041508
-0.0370171
-0.0325533
-0.0282042
-0.0240256
-0.0200802
-0.016383
-0.0129601
-0.00977738
-0.00682756
-0.00402662
-0.00134777
-0.0715039
-0.0732204
-0.0745148
-0.0754265
-0.07601
-0.0762867
-0.0762342
-0.0758038
-0.0749402
-0.0735988
-0.0717507
-0.0693878
-0.0665185
-0.0631721
-0.0593937
-0.0552492
-0.050814
-0.0461827
-0.0414477
-0.0367127
-0.0320648
-0.0275925
-0.02335
-0.0193941
-0.0157322
-0.012381
-0.0092988
-0.00647018
-0.00380535
-0.00127189
-0.0760744
-0.0780056
-0.0793706
-0.0802498
-0.0807439
-0.0808995
-0.080697
-0.0800776
-0.0789737
-0.0773333
-0.0751274
-0.0723539
-0.0690325
-0.0652072
-0.0609402
-0.0563153
-0.0514264
-0.0463848
-0.0412978
-0.0362799
-0.0314238
-0.0268177
-0.0225122
-0.0185556
-0.0149453
-0.0116865
-0.00872876
-0.00604644
-0.00354389
-0.0011823
-0.0814758
-0.0836675
-0.0851165
-0.0859493
-0.0863296
-0.0863348
-0.0859472
-0.0850946
-0.0836943
-0.0816855
-0.07904
-0.0757645
-0.0718937
-0.0674904
-0.0626387
-0.0574446
-0.0520244
-0.0465095
-0.0410237
-0.0356923
-0.030613
-0.025871
-0.0215107
-0.0175687
-0.01403
-0.0108861
-0.00807643
-0.00556399
-0.00324733
-0.00108078
-0.0877162
-0.0902179
-0.0917757
-0.0925351
-0.0927736
-0.0925972
-0.091987
-0.0908531
-0.0890943
-0.0866405
-0.0834654
-0.0795882
-0.0750627
-0.0699763
-0.0644399
-0.0585868
-0.0525602
-0.0465143
-0.0405905
-0.0349245
-0.0296161
-0.0247446
-0.0203448
-0.0164377
-0.012994
-0.0099888
-0.00735074
-0.00503021
-0.00292053
-0.000969045
-0.0948084
-0.0976556
-0.0992898
-0.100002
-0.100087
-0.0997019
-0.0988301
-0.0973619
-0.0951754
-0.0921907
-0.0883861
-0.083797
-0.0785024
-0.0726202
-0.0662946
-0.059692
-0.0529866
-0.0463578
-0.0399653
-0.0339527
-0.0284188
-0.0234327
-0.0190154
-0.0151685
-0.0118457
-0.00900426
-0.00656076
-0.00445246
-0.00256833
-0.000848798
-0.102798
-0.106055
-0.107802
-0.108419
-0.108313
-0.10768
-0.106501
-0.104638
-0.101947
-0.0983347
-0.0937886
-0.0883656
-0.0821765
-0.0753775
-0.0681534
-0.0607097
-0.0532564
-0.0459999
-0.039117
-0.0327559
-0.0270097
-0.021932
-0.0175255
-0.0137683
-0.010595
-0.00794264
-0.00571578
-0.0038381
-0.00219543
-0.000721678
-0.111719
-0.115444
-0.117311
-0.117816
-0.117485
-0.116566
-0.115029
-0.112707
-0.109423
-0.105076
-0.099663
-0.0932702
-0.0860492
-0.0782031
-0.069966
-0.0615895
-0.0533237
-0.0454024
-0.0380175
-0.0313166
-0.0253806
-0.0202423
-0.0158807
-0.0122464
-0.00925247
-0.00681466
-0.00482525
-0.00319444
-0.0018065
-0.000589282
-0.121608
-0.125865
-0.127861
-0.128232
-0.127645
-0.126399
-0.124454
-0.121599
-0.117625
-0.112422
-0.106002
-0.098488
-0.090084
-0.0810508
-0.0716814
-0.0622812
-0.0531438
-0.0445301
-0.0366426
-0.0296209
-0.0235275
-0.0183669
-0.0140893
-0.0106134
-0.00783001
-0.00563154
-0.00389873
-0.00252873
-0.00140603
-0.000453141
-0.132508
-0.137366
-0.139499
-0.139715
-0.138839
-0.137228
-0.134818
-0.131352
-0.12658
-0.120384
-0.112799
-0.103996
-0.094244
-0.0838734
-0.0732481
-0.0627352
-0.0526744
-0.0433511
-0.0349719
-0.0276597
-0.0214501
-0.0163122
-0.0121617
-0.00888219
-0.00634031
-0.0044048
-0.00294577
-0.00184803
-0.000998346
-0.000314705
-0.144462
-0.149993
-0.152274
-0.152313
-0.151118
-0.149103
-0.146173
-0.142009
-0.13632
-0.128978
-0.120051
-0.109773
-0.0984907
-0.0866222
-0.074614
-0.0629027
-0.0518755
-0.0418377
-0.03299
-0.0254283
-0.0191525
-0.0140881
-0.0101109
-0.00706656
-0.00479672
-0.00314606
-0.00197573
-0.00115911
-0.000587522
-0.000175331
-0.157507
-0.163791
-0.166233
-0.166078
-0.164539
-0.162084
-0.158576
-0.153623
-0.146882
-0.138222
-0.127756
-0.115795
-0.102785
-0.0892475
-0.0757269
-0.0627367
-0.0507111
-0.0399667
-0.0306864
-0.0229271
-0.0166429
-0.0117074
-0.00795197
-0.00518157
-0.0032129
-0.00186686
-0.000997604
-0.000468316
-0.00017735
-3.62636e-05
-0.171681
-0.178801
-0.18142
-0.181062
-0.17916
-0.176237
-0.172096
-0.166253
-0.158311
-0.14814
-0.135911
-0.122038
-0.107085
-0.0916985
-0.0765351
-0.0621925
-0.0491489
-0.03772
-0.0280559
-0.0201611
-0.013933
-0.00918546
-0.00570132
-0.00324296
-0.00160259
-0.000578361
-1.99044e-05
0.000218446
0.000228712
0.000101375
-0.187012
-0.195056
-0.19788
-0.197317
-0.195049
-0.191639
-0.186811
-0.179971
-0.170659
-0.158756
-0.144516
-0.128478
-0.111349
-0.0939237
-0.0769875
-0.0612286
-0.0471617
-0.0350851
-0.0250988
-0.01714
-0.0110384
-0.00654021
-0.00337676
-0.00126678
2.0747e-05
0.000708837
0.000949502
0.000895842
0.00062757
0.000236597
-0.2035
-0.212574
-0.215644
-0.214898
-0.21228
-0.208382
-0.202818
-0.194862
-0.183987
-0.170103
-0.153572
-0.135089
-0.115534
-0.0958706
-0.0770348
-0.0598073
-0.0447277
-0.0320554
-0.0218209
-0.0138781
-0.00797753
-0.00379126
-0.000996813
0.000730984
0.0016442
0.00198486
0.00190348
0.00155914
0.00101652
0.000368549
-0.221143
-0.231354
-0.23473
-0.233852
-0.230935
-0.226573
-0.220232
-0.211028
-0.19837
-0.182219
-0.163082
-0.141845
-0.119591
-0.0974866
-0.07663
-0.0578959
-0.0418309
-0.0286303
-0.0182332
-0.0103934
-0.00477141
-0.000959568
0.00141974
0.00273476
0.00325562
0.00324071
0.0028357
0.00220422
0.00139324
0.000496514
-0.239937
-0.251395
-0.255154
-0.25423
-0.251107
-0.246336
-0.239186
-0.228592
-0.213898
-0.195153
-0.173055
-0.14872
-0.123476
-0.0987186
-0.0757286
-0.0554669
-0.0384617
-0.0248155
-0.014352
-0.00670755
-0.00144324
0.0019331
0.00385428
0.00472973
0.00484384
0.00446836
0.00374069
0.00282764
0.00175584
0.000619907
-0.259808
-0.272669
-0.276917
-0.276084
-0.272901
-0.267815
-0.259835
-0.247687
-0.230671
-0.208964
-0.183506
-0.15569
-0.127137
-0.099514
-0.07429
-0.0524988
-0.0346171
-0.0206224
-0.0101981
-0.00284538
0.00198228
0.00486469
0.00628876
0.00670207
0.00639883
0.00566086
0.00461386
0.00342656
0.00210277
0.000738266
-0.280679
-0.2951
-0.299984
-0.299477
-0.29645
-0.29118
-0.282347
-0.268458
-0.248801
-0.223726
-0.194459
-0.162732
-0.130527
-0.0998216
-0.0722783
-0.0489761
-0.0303004
-0.0160683
-0.00579612
0.00116602
0.00547953
0.00781339
0.00870606
0.00863916
0.00791174
0.00681232
0.00545148
0.00399877
0.00243288
0.000851241
-0.302531
-0.318625
-0.324415
-0.324505
-0.321915
-0.316624
-0.306909
-0.291061
-0.268405
-0.239519
-0.205946
-0.169826
-0.133597
-0.0995924
-0.0696631
-0.0448902
-0.0255214
-0.0111755
-0.00117441
0.0052979
0.00902264
0.0107581
0.0110903
0.0105297
0.00937504
0.00791792
0.00625067
0.00454264
0.00274537
0.000958588
-0.325152
-0.34311
-0.35011
-0.351238
-0.349475
-0.344357
-0.33371
-0.315651
-0.289606
-0.256428
-0.218
-0.176955
-0.136298
-0.0987802
-0.0664195
-0.04024
-0.0202977
-0.00597248
0.00363524
0.00952
0.0125859
0.0136789
0.013427
0.012364
0.0107825
0.00897394
0.00700933
0.00505707
0.00303974
0.00106016
-0.348205
-0.368237
-0.376937
-0.379746
-0.379322
-0.374574
-0.362904
-0.342363
-0.312533
-0.274538
-0.23064
-0.184093
-0.13859
-0.097346
-0.0625241
-0.0350234
-0.0146468
-0.000488168
0.00860058
0.0138023
0.0161445
0.0165571
0.0157034
0.0141338
0.0121292
0.00997762
0.00772612
0.00554146
0.00331581
0.00115592
-0.37151
-0.393597
-0.404675
-0.410009
-0.411543
-0.407375
-0.394574
-0.371271
-0.337284
-0.293933
-0.243874
-0.191191
-0.140426
-0.0952763
-0.057992
-0.02927
-0.00860609
0.00523829
0.0136853
0.0181143
0.0196748
0.0193758
0.0179082
0.015832
0.0134112
0.010927
0.0084002
0.00599553
0.00357355
0.00124583
-0.394215
-0.418673
-0.433031
-0.441796
-0.445902
-0.442529
-0.428558
-0.402287
-0.36384
-0.314647
-0.257725
-0.198202
-0.141692
-0.0924599
-0.0527584
-0.0229674
-0.00219711
0.0111728
0.0188552
0.0224267
0.0231546
0.0221198
0.0200318
0.0174533
0.0146257
0.0118209
0.00903139
0.00641942
0.00381317
0.00132985
-0.414547
-0.442233
-0.461463
-0.474642
-0.481763
-0.479337
-0.464266
-0.435025
-0.391937
-0.336475
-0.272146
-0.205259
-0.142591
-0.0890732
-0.0469362
-0.0161858
0.00452736
0.0172717
0.0240751
0.0267134
0.0265662
0.0247786
0.0220693
0.0189964
0.0157737
0.0126611
0.00962167
0.00681479
0.0040359
0.00140844
-0.432254
-0.462194
-0.48814
-0.507404
-0.517752
-0.516457
-0.500589
-0.46876
-0.421181
-0.358947
-0.286438
-0.211604
-0.142536
-0.0847878
-0.0403998
-0.00891896
0.0115262
0.0234875
0.0293078
0.0309524
0.0298995
0.0273496
0.0240222
0.0204649
0.0168593
0.0134517
0.0101743
0.00718403
0.00424344
0.0014827
-0.447775
-0.477799
-0.509592
-0.535372
-0.549998
-0.550639
-0.535142
-0.502223
-0.451534
-0.383289
-0.302529
-0.219068
-0.142811
-0.0803125
-0.033444
-0.00125075
0.018793
0.0298156
0.0345262
0.0351027
0.0331108
0.0297914
0.0258537
0.0218276
0.0178576
0.0141738
0.0106758
0.00751837
0.00443035
0.00155078
-0.466771
-0.493919
-0.526349
-0.553673
-0.569861
-0.570523
-0.554996
-0.522269
-0.471059
-0.400027
-0.314291
-0.224759
-0.142969
-0.0767096
-0.0278547
0.00486117
0.0245298
0.034763
0.0385229
0.0381999
0.0354559
0.0315496
0.0271607
0.0227941
0.0185622
0.0146835
0.0110303
0.00775674
0.00456324
0.00159846
-0.476911
-0.511999
-0.548601
-0.576243
-0.58958
-0.587907
-0.569027
-0.532999
-0.477776
-0.401294
-0.309996
-0.21636
-0.132477
-0.0658879
-0.018087
0.0129479
0.0308773
0.0395827
0.0421182
0.0408057
0.0373209
0.0328833
0.028118
0.0234847
0.0190594
0.0150398
0.0112777
0.0079221
0.00465499
0.00163135
-0.490856
-0.531464
-0.56852
-0.593983
-0.605206
-0.600248
-0.578079
-0.539026
-0.479699
-0.397324
-0.300033
-0.202062
-0.117049
-0.0517132
-0.00631069
0.0221092
0.0377265
0.0445784
0.0456612
0.043283
0.0390577
0.0341107
0.0289944
0.0241159
0.0195139
0.0153654
0.0115038
0.00807301
0.0047385
0.00166186
-0.50717
-0.551723
-0.58817
-0.611132
-0.618986
-0.610298
-0.584973
-0.543621
-0.481247
-0.393905
-0.290725
-0.188712
-0.1027
-0.0385206
0.00470222
0.0307384
0.0442235
0.0493164
0.049014
0.0456475
0.0407301
0.0353012
0.0298488
0.024733
0.0199585
0.0156838
0.0117243
0.00821994
0.00481978
0.00169199
-0.526176
-0.572794
-0.607433
-0.626922
-0.63085
-0.618104
-0.589583
-0.546148
-0.481064
-0.389038
-0.280227
-0.174817
-0.0883356
-0.0255546
0.0154172
0.0390897
0.0504877
0.0538692
0.0522574
0.0479469
0.0423592
0.036461
0.0306807
0.0253333
0.0203902
0.0159921
0.0119372
0.00836141
0.00489791
0.00172127
-0.547544
-0.594103
-0.625822
-0.641242
-0.640723
-0.623604
-0.591831
-0.546368
-0.478611
-0.381842
-0.267623
-0.159503
-0.0731458
-0.0121925
0.0262495
0.047411
0.0566572
0.0583187
0.0554186
0.050179
0.0439347
0.03758
0.0314821
0.0259108
0.0208046
0.0162873
0.0121403
0.00849607
0.00497211
0.00174937
-0.570429
-0.614854
-0.642782
-0.653678
-0.648387
-0.626829
-0.591876
-0.544394
-0.473909
-0.372203
-0.253221
-0.143128
-0.0574033
0.0013823
0.037091
0.0556455
0.0627081
0.0626453
0.0584763
0.0523287
0.0454479
0.0386532
0.0322503
0.0264638
0.0212008
0.0165687
0.0123334
0.00862369
0.00504229
0.00177624
-0.59346
-0.633906
-0.657501
-0.663693
-0.653596
-0.627772
-0.589843
-0.540243
-0.466721
-0.360147
-0.237275
-0.12599
-0.0413905
0.0149395
0.0477801
0.0636875
0.0685713
0.0668117
0.0614102
0.0543859
0.0468938
0.0396782
0.0329836
0.0269912
0.021578
0.0168359
0.0125161
0.00874412
0.0051084
0.00180183
-0.614709
-0.650017
-0.669194
-0.670814
-0.65613
-0.626449
-0.585827
-0.533955
-0.456853
-0.345801
-0.219948
-0.108247
-0.0252632
0.0283467
0.058219
0.071467
0.0741987
0.0707941
0.0642069
0.0563424
0.0482671
0.0406513
0.0336798
0.0274915
0.021935
0.017088
0.012688
0.00885705
0.00517032
0.00182608
-0.632252
-0.662212
-0.677253
-0.674687
-0.655956
-0.622972
-0.579894
-0.525464
-0.444413
-0.329394
-0.20146
-0.0901072
-0.00920595
0.0414636
0.0683121
0.078923
0.0795524
0.074571
0.0668517
0.0581883
0.0495616
0.0415686
0.0343361
0.0279626
0.0222706
0.0173243
0.0128485
0.00896219
0.00522789
0.00184893
-0.644708
-0.670011
-0.681399
-0.675275
-0.653243
-0.617478
-0.572174
-0.514808
-0.429592
-0.311214
-0.182104
-0.0718511
0.00654269
0.0541156
0.0779431
0.0859863
0.0845913
0.078116
0.0693271
0.0599125
0.0507703
0.0424258
0.0349495
0.0284026
0.0225833
0.0175438
0.0129972
0.00905921
0.00528096
0.00187038
-0.651793
-0.673321
-0.681929
-0.672819
-0.648096
-0.610229
-0.562775
-0.502103
-0.412674
-0.291616
-0.162251
-0.0538088
0.0217147
0.0661113
0.0869844
0.0925737
0.0892704
0.0813993
0.071614
0.0615035
0.0518862
0.0432181
0.035517
0.0288093
0.0228718
0.0177455
0.0131334
0.00914779
0.00532935
0.00189054
-0.653375
-0.672272
-0.678851
-0.667534
-0.641072
-0.601697
-0.551985
-0.487707
-0.393897
-0.271093
-0.142362
-0.0363522
0.0360262
0.0772555
0.0953083
0.0986058
0.0935425
0.08439
0.0736929
0.0629494
0.052902
0.0439408
0.0360351
0.0291802
0.0231343
0.0179286
0.0132567
0.00922762
0.00537289
0.00190957
-0.649963
-0.667565
-0.672783
-0.660128
-0.632502
-0.591857
-0.539741
-0.471221
-0.374296
-0.250275
-0.123029
-0.0198895
0.049188
0.0873577
0.102793
0.104007
0.09736
0.0870571
0.0755448
0.0642386
0.0538102
0.0445888
0.0365004
0.0295131
0.0233695
0.0180919
0.0133663
0.00929836
0.00541138
0.00192741
-0.642788
-0.65983
-0.664499
-0.651181
-0.622929
-0.581169
-0.526565
-0.453891
-0.353478
-0.229769
-0.104886
-0.00483489
0.0609218
0.0962428
0.109331
0.108708
0.100679
0.0893725
0.0771523
0.0653604
0.0546038
0.0451571
0.0369091
0.0298052
0.0235754
0.0182344
0.0134618
0.00935972
0.00544472
0.00194247
-0.632944
-0.650188
-0.654879
-0.641382
-0.612884
-0.570085
-0.513
-0.436511
-0.333391
-0.209801
-0.0885552
0.00841503
0.07098
0.103764
0.114831
0.112654
0.103462
0.0913133
0.0785016
0.0663057
0.0552761
0.0456406
0.0372575
0.030054
0.0237505
0.0183552
0.0135425
0.00941139
0.00547289
0.00195183
-0.621979
-0.639942
-0.644936
-0.631572
-0.603072
-0.559292
-0.499924
-0.420118
-0.3151
-0.192335
-0.0741334
0.0193819
0.0791695
0.109815
0.119233
0.115806
0.105685
0.0928647
0.0795833
0.0670676
0.0558214
0.0460345
0.037542
0.030257
0.023893
0.0184532
0.0136078
0.00945311
0.00549571
0.00196002
-0.611642
-0.630492
-0.635837
-0.622763
-0.59438
-0.54974
-0.488497
-0.406049
-0.299791
-0.178216
-0.0626235
0.0278459
0.085357
0.114336
0.12251
0.118149
0.107339
0.0940215
0.0803932
0.0676415
0.0562348
0.0463345
0.0377589
0.0304116
0.0240014
0.0185276
0.0136573
0.00948463
0.00551296
0.00196645
-0.603624
-0.623217
-0.628821
-0.616054
-0.587801
-0.542519
-0.479955
-0.395676
-0.288718
-0.168212
-0.0547466
0.033674
0.089456
0.117323
0.12467
0.119692
0.108431
0.0947865
0.0809311
0.0680248
0.0565125
0.0465368
0.0379054
0.030516
0.0240745
0.0185776
0.0136906
0.00950576
0.00552453
0.00197086
-0.599254
-0.619253
-0.624988
-0.612413
-0.584237
-0.538611
-0.475369
-0.390152
-0.282895
-0.163013
-0.050737
0.0366593
0.0914662
0.118803
0.125738
0.120455
0.108971
0.0951664
0.0811991
0.0682167
0.056652
0.0466386
0.0379793
0.0305686
0.0241113
0.0186028
0.0137073
0.00951636
0.00553033
0.00197309
)
;

boundaryField
{
    inlet
    {
        type            zeroGradient;
    }
    outlet
    {
        type            fixedValue;
        value           uniform 0;
    }
    cylinder
    {
        type            zeroGradient;
    }
    top
    {
        type            symmetryPlane;
    }
    bottom
    {
        type            symmetryPlane;
    }
    defaultFaces
    {
        type            empty;
    }
}


// ************************************************************************* //
