/*--------------------------------*- C++ -*----------------------------------*\
  =========                 |
  \\      /  F ield         | OpenFOAM: The Open Source CFD Toolbox
   \\    /   O peration     | Website:  https://openfoam.org
    \\  /    A nd           | Version:  7
     \\/     M anipulation  |
\*---------------------------------------------------------------------------*/
FoamFile
{
    version     2.0;
    format      ascii;
    class       volScalarField;
    location    "20";
    object      p;
}
// * * * * * * * * * * * * * * * * * * * * * * * * * * * * * * * * * * * * * //

dimensions      [0 2 -2 0 0 0 0];

internalField   nonuniform List<scalar> 
8500
(
-0.269225
-0.271044
-0.271959
-0.273049
-0.274477
-0.276358
-0.278805
-0.281935
-0.28589
-0.290996
-0.269486
-0.271257
-0.272156
-0.273232
-0.274647
-0.276515
-0.278947
-0.282059
-0.285986
-0.291049
-0.269995
-0.271672
-0.272538
-0.273587
-0.274976
-0.276816
-0.279216
-0.282291
-0.28616
-0.291133
-0.270725
-0.272268
-0.273085
-0.274092
-0.27544
-0.277236
-0.279583
-0.2826
-0.286383
-0.291205
-0.271642
-0.273016
-0.273769
-0.274718
-0.276007
-0.277741
-0.280013
-0.282945
-0.286616
-0.291207
-0.272701
-0.273881
-0.274555
-0.27543
-0.276642
-0.27829
-0.280459
-0.283274
-0.286814
-0.291071
-0.273858
-0.274826
-0.275408
-0.276191
-0.277305
-0.278842
-0.280877
-0.283535
-0.286935
-0.290725
-0.275066
-0.275815
-0.276294
-0.276968
-0.277958
-0.279356
-0.281224
-0.283675
-0.286944
-0.290098
-0.276281
-0.276817
-0.277182
-0.277728
-0.278569
-0.279797
-0.281466
-0.283649
-0.28682
-0.289141
-0.277467
-0.277805
-0.278049
-0.278449
-0.279114
-0.28014
-0.281581
-0.283429
-0.286531
-0.287913
-0.278595
-0.278759
-0.278877
-0.279113
-0.279576
-0.28037
-0.281563
-0.283037
-0.285849
-0.286588
-0.279652
-0.279665
-0.279658
-0.279714
-0.279951
-0.280483
-0.281371
-0.282542
-0.285012
-0.284902
-0.280623
-0.280525
-0.280389
-0.280253
-0.280244
-0.280493
-0.281062
-0.281906
-0.284116
-0.282871
-0.281513
-0.281343
-0.281077
-0.280738
-0.280467
-0.280419
-0.280658
-0.281191
-0.283218
-0.280583
-0.282338
-0.282131
-0.281736
-0.281185
-0.280639
-0.280287
-0.280187
-0.280489
-0.282363
-0.278162
-0.283125
-0.282911
-0.282385
-0.281616
-0.280789
-0.280133
-0.279674
-0.279916
-0.281513
-0.275865
-0.283909
-0.283714
-0.28305
-0.282057
-0.280946
-0.279997
-0.279138
-0.279606
-0.280511
-0.273977
-0.284743
-0.28457
-0.283763
-0.282544
-0.281151
-0.279923
-0.278582
-0.279674
-0.278988
-0.272649
-0.285681
-0.285519
-0.284567
-0.283115
-0.281445
-0.279955
-0.278046
-0.280112
-0.276986
-0.272284
-0.286785
-0.286613
-0.2855
-0.283817
-0.281876
-0.280129
-0.277658
-0.280538
-0.274915
-0.27488
-0.288122
-0.2879
-0.286606
-0.284695
-0.282492
-0.280475
-0.277668
-0.280216
-0.273559
-0.281381
-0.289755
-0.289429
-0.287927
-0.285786
-0.28333
-0.281019
-0.278106
-0.279069
-0.273954
-0.276571
-0.291744
-0.291247
-0.289502
-0.287118
-0.284416
-0.281781
-0.27872
-0.278021
-0.273869
-0.272349
-0.294142
-0.293387
-0.291367
-0.288711
-0.285753
-0.282748
-0.279342
-0.277318
-0.272989
-0.269422
-0.296995
-0.295884
-0.293553
-0.290585
-0.287327
-0.283867
-0.279981
-0.2768
-0.271712
-0.266661
-0.300358
-0.29878
-0.296085
-0.292765
-0.289114
-0.2851
-0.280658
-0.276331
-0.270093
-0.263935
-0.304273
-0.302118
-0.299006
-0.295282
-0.291093
-0.286482
-0.281357
-0.275734
-0.268226
-0.260985
-0.308774
-0.305957
-0.302377
-0.29816
-0.293295
-0.288064
-0.282
-0.274916
-0.266086
-0.257793
-0.313924
-0.310351
-0.306263
-0.301409
-0.295818
-0.289825
-0.282493
-0.273817
-0.263671
-0.254335
-0.319783
-0.315365
-0.310723
-0.305059
-0.298753
-0.291669
-0.282765
-0.272413
-0.260972
-0.2506
-0.326406
-0.321073
-0.315791
-0.309198
-0.302086
-0.293482
-0.282759
-0.270687
-0.257982
-0.246578
-0.33384
-0.327539
-0.321468
-0.313939
-0.305691
-0.295152
-0.282435
-0.268626
-0.254689
-0.242248
-0.342113
-0.334799
-0.327762
-0.319311
-0.309404
-0.296578
-0.28175
-0.266209
-0.251071
-0.237584
-0.351231
-0.342842
-0.334703
-0.325191
-0.313056
-0.297666
-0.280657
-0.263405
-0.247095
-0.232552
-0.361163
-0.351604
-0.342317
-0.331342
-0.316473
-0.298324
-0.279102
-0.260174
-0.242719
-0.227115
-0.371828
-0.360969
-0.350553
-0.337492
-0.319475
-0.298451
-0.277021
-0.256463
-0.237892
-0.221231
-0.383089
-0.370792
-0.359216
-0.343376
-0.321886
-0.297943
-0.27434
-0.252212
-0.232556
-0.214859
-0.394736
-0.380904
-0.367972
-0.34873
-0.323539
-0.296687
-0.270975
-0.247352
-0.226652
-0.207962
-0.406486
-0.391102
-0.3764
-0.353274
-0.324265
-0.294566
-0.266838
-0.24181
-0.22012
-0.20051
-0.417987
-0.40112
-0.384058
-0.356719
-0.323896
-0.291462
-0.261837
-0.235509
-0.212903
-0.192481
-0.428832
-0.41061
-0.390522
-0.358782
-0.322262
-0.287255
-0.255879
-0.228375
-0.204951
-0.183849
-0.438578
-0.419141
-0.395414
-0.359209
-0.319199
-0.281827
-0.24887
-0.220334
-0.196218
-0.17459
-0.446774
-0.426221
-0.398403
-0.35778
-0.314554
-0.275067
-0.240721
-0.211311
-0.18665
-0.164673
-0.452975
-0.431348
-0.399197
-0.354315
-0.308196
-0.266872
-0.231352
-0.201237
-0.176184
-0.154034
-0.456771
-0.43406
-0.397523
-0.348662
-0.300013
-0.257157
-0.220699
-0.190057
-0.164745
-0.142526
-0.457797
-0.433967
-0.39313
-0.340693
-0.289916
-0.245853
-0.208708
-0.17774
-0.15229
-0.129921
-0.455741
-0.430751
-0.385826
-0.330308
-0.277835
-0.2329
-0.195331
-0.164268
-0.138865
-0.116069
-0.450347
-0.424169
-0.375477
-0.317438
-0.263722
-0.218253
-0.180522
-0.14961
-0.12456
-0.101202
-0.441415
-0.414056
-0.362007
-0.302043
-0.247545
-0.201889
-0.164289
-0.133796
-0.109251
-0.0859537
-0.428805
-0.40032
-0.345392
-0.284117
-0.229294
-0.183835
-0.14673
-0.117048
-0.0927247
-0.0702957
-0.412434
-0.382937
-0.325665
-0.263687
-0.208992
-0.164184
-0.127961
-0.0991491
-0.0752539
-0.0540805
-0.392282
-0.361946
-0.302917
-0.240822
-0.186737
-0.143016
-0.10791
-0.0801368
-0.0569883
-0.0372769
-0.368386
-0.337449
-0.277258
-0.215618
-0.162676
-0.120298
-0.0866206
-0.0600969
-0.0379983
-0.0199334
-0.340857
-0.309638
-0.248735
-0.188175
-0.136853
-0.0961491
-0.0641747
-0.0391214
-0.0183298
-0.0021121
-0.309872
-0.278793
-0.217292
-0.158643
-0.109389
-0.0707003
-0.0406798
-0.0172974
0.00196869
0.016144
-0.275636
-0.245123
-0.183194
-0.127133
-0.0804331
-0.0440905
-0.0162495
0.00528943
0.0228147
0.0346985
-0.238346
-0.208434
-0.147227
-0.0938816
-0.0501451
-0.0164586
0.00901527
0.028555
0.044016
0.053072
-0.198262
-0.168747
-0.109877
-0.0592668
-0.018722
0.0120586
0.0350261
0.0523936
0.0652228
0.0705084
-0.155689
-0.126764
-0.0710771
-0.0235566
0.0136169
0.0413125
0.0616636
0.0766238
0.0861232
0.086941
-0.110839
-0.0831927
-0.0309889
0.0130378
0.0466534
0.0711281
0.0887194
0.100934
0.106777
0.104315
-0.0642785
-0.0383636
0.0100982
0.0502935
0.0801741
0.101305
0.115923
0.124979
0.127253
0.126638
-0.0164454
0.00739076
0.0518578
0.0879607
0.113959
0.131627
0.143059
0.148812
0.148357
0.148719
0.0322117
0.0536936
0.0939498
0.12577
0.147774
0.161878
0.170008
0.172614
0.169976
0.16966
0.0812414
0.100154
0.136032
0.163441
0.181378
0.191845
0.196632
0.196235
0.191548
0.189722
0.130191
0.146377
0.177761
0.200688
0.214529
0.221335
0.222802
0.219522
0.212734
0.20892
0.17861
0.191966
0.2188
0.237229
0.246984
0.250147
0.248348
0.24227
0.233334
0.227348
0.226059
0.236536
0.258819
0.272783
0.278508
0.278087
0.273099
0.264297
0.253184
0.244946
0.272113
0.279703
0.297493
0.307078
0.30887
0.304958
0.296881
0.285443
0.272171
0.261664
0.316372
0.32109
0.334511
0.33985
0.337845
0.33057
0.319527
0.305556
0.290174
0.277419
0.358445
0.360345
0.369573
0.370849
0.365221
0.354742
0.340878
0.324501
0.307087
0.292137
0.397961
0.397138
0.402398
0.399836
0.390796
0.3773
0.360786
0.342151
0.322805
0.305743
0.434571
0.431164
0.432724
0.426589
0.414379
0.398083
0.379114
0.358388
0.337233
0.318169
0.467957
0.462143
0.460309
0.450906
0.435798
0.416945
0.395735
0.373104
0.350282
0.329353
0.497826
0.489822
0.484938
0.472601
0.454896
0.433749
0.410536
0.386201
0.361874
0.339243
0.523922
0.513975
0.506416
0.491509
0.471531
0.448379
0.423415
0.397592
0.37194
0.347794
0.546018
0.534406
0.524575
0.507487
0.485583
0.460731
0.434284
0.407203
0.380418
0.354969
0.563926
0.550952
0.539275
0.520417
0.496948
0.470718
0.443069
0.414968
0.387261
0.360739
0.577492
0.563478
0.5504
0.530199
0.505545
0.478269
0.44971
0.420837
0.392427
0.365084
0.586601
0.571885
0.557865
0.536762
0.511312
0.483333
0.454163
0.424772
0.395887
0.367987
0.591174
0.576106
0.561612
0.540056
0.514205
0.485874
0.456397
0.426746
0.397622
0.369442
0.591174
0.576106
0.561611
0.540056
0.514205
0.485874
0.456397
0.426746
0.397622
0.369442
0.5866
0.571885
0.557865
0.536762
0.511312
0.483333
0.454163
0.424772
0.395887
0.367987
0.577492
0.563478
0.5504
0.530199
0.505545
0.478269
0.44971
0.420837
0.392427
0.365084
0.563926
0.550951
0.539274
0.520417
0.496948
0.470717
0.443068
0.414968
0.38726
0.360739
0.546018
0.534406
0.524575
0.507487
0.485582
0.460731
0.434283
0.407202
0.380418
0.354969
0.523921
0.513974
0.506416
0.491508
0.471531
0.448379
0.423415
0.397592
0.371939
0.347794
0.497826
0.489821
0.484938
0.4726
0.454895
0.433749
0.410536
0.386201
0.361874
0.339243
0.467956
0.462142
0.460309
0.450906
0.435798
0.416944
0.395735
0.373104
0.350282
0.329353
0.434571
0.431163
0.432723
0.426589
0.414379
0.398083
0.379114
0.358388
0.337233
0.318169
0.39796
0.397137
0.402397
0.399835
0.390795
0.3773
0.360786
0.342151
0.322805
0.305743
0.358444
0.360344
0.369572
0.370848
0.365221
0.354742
0.340878
0.324501
0.307087
0.292137
0.316371
0.321089
0.33451
0.33985
0.337845
0.33057
0.319526
0.305555
0.290174
0.277419
0.272112
0.279702
0.297492
0.307077
0.308869
0.304957
0.296881
0.285442
0.272171
0.261664
0.226058
0.236535
0.258818
0.272782
0.278508
0.278086
0.273099
0.264297
0.253184
0.244946
0.178609
0.191965
0.218799
0.237228
0.246984
0.250147
0.248347
0.24227
0.233334
0.227348
0.13019
0.146376
0.17776
0.200688
0.214528
0.221335
0.222802
0.219522
0.212734
0.208919
0.0812404
0.100154
0.136031
0.16344
0.181378
0.191845
0.196631
0.196234
0.191548
0.189722
0.0322108
0.0536927
0.093949
0.125769
0.147774
0.161877
0.170008
0.172614
0.169976
0.16966
-0.0164463
0.00738994
0.0518571
0.0879602
0.113958
0.131627
0.143059
0.148812
0.148357
0.148719
-0.0642793
-0.0383644
0.0100975
0.050293
0.0801737
0.101305
0.115923
0.124979
0.127253
0.126638
-0.11084
-0.0831934
-0.0309895
0.0130373
0.046653
0.0711279
0.0887192
0.100934
0.106777
0.104314
-0.155689
-0.126765
-0.0710776
-0.023557
0.0136166
0.0413123
0.0616634
0.0766236
0.0861231
0.086941
-0.198263
-0.168748
-0.109878
-0.0592672
-0.0187223
0.0120584
0.035026
0.0523935
0.0652227
0.0705083
-0.238346
-0.208435
-0.147227
-0.0938819
-0.0501453
-0.0164588
0.00901518
0.0285549
0.044016
0.0530719
-0.275636
-0.245123
-0.183195
-0.127133
-0.0804332
-0.0440906
-0.0162495
0.00528941
0.0228147
0.0346985
-0.309872
-0.278794
-0.217292
-0.158643
-0.109389
-0.0707003
-0.0406798
-0.0172974
0.00196872
0.016144
-0.340857
-0.309638
-0.248735
-0.188175
-0.136853
-0.096149
-0.0641746
-0.0391213
-0.0183297
-0.00211204
-0.368386
-0.337449
-0.277258
-0.215617
-0.162676
-0.120297
-0.0866205
-0.0600968
-0.0379982
-0.0199333
-0.392281
-0.361945
-0.302916
-0.240822
-0.186737
-0.143016
-0.10791
-0.0801366
-0.0569881
-0.0372768
-0.412434
-0.382937
-0.325665
-0.263687
-0.208992
-0.164184
-0.127961
-0.0991488
-0.0752537
-0.0540804
-0.428804
-0.400319
-0.345391
-0.284117
-0.229294
-0.183834
-0.146729
-0.117048
-0.0927244
-0.0702955
-0.441414
-0.414055
-0.362006
-0.302043
-0.247545
-0.201889
-0.164288
-0.133796
-0.109251
-0.0859535
-0.450346
-0.424168
-0.375476
-0.317437
-0.263721
-0.218252
-0.180521
-0.14961
-0.12456
-0.101202
-0.45574
-0.43075
-0.385825
-0.330307
-0.277834
-0.232899
-0.19533
-0.164268
-0.138865
-0.116069
-0.457795
-0.433966
-0.393128
-0.340692
-0.289915
-0.245852
-0.208708
-0.17774
-0.15229
-0.129921
-0.456769
-0.434058
-0.397521
-0.348661
-0.300012
-0.257156
-0.220698
-0.190056
-0.164745
-0.142525
-0.452973
-0.431346
-0.399196
-0.354313
-0.308195
-0.266871
-0.231351
-0.201236
-0.176184
-0.154033
-0.446771
-0.426219
-0.398401
-0.357778
-0.314553
-0.275065
-0.24072
-0.21131
-0.18665
-0.164673
-0.438576
-0.419138
-0.395412
-0.359207
-0.319197
-0.281826
-0.248869
-0.220333
-0.196217
-0.174589
-0.428829
-0.410608
-0.390519
-0.35878
-0.322261
-0.287253
-0.255878
-0.228374
-0.20495
-0.183849
-0.417985
-0.401117
-0.384055
-0.356716
-0.323894
-0.29146
-0.261836
-0.235508
-0.212902
-0.19248
-0.406484
-0.391099
-0.376398
-0.353271
-0.324263
-0.294564
-0.266837
-0.241808
-0.220119
-0.20051
-0.394733
-0.380902
-0.367969
-0.348727
-0.323536
-0.296685
-0.270973
-0.247351
-0.226651
-0.207961
-0.383086
-0.370789
-0.359213
-0.343373
-0.321884
-0.297942
-0.274338
-0.252211
-0.232555
-0.214859
-0.371825
-0.360966
-0.35055
-0.33749
-0.319473
-0.298449
-0.277019
-0.256462
-0.237891
-0.221231
-0.36116
-0.351601
-0.342314
-0.33134
-0.316471
-0.298322
-0.279101
-0.260172
-0.242718
-0.227114
-0.351229
-0.342839
-0.3347
-0.325188
-0.313054
-0.297664
-0.280655
-0.263403
-0.247094
-0.232551
-0.342111
-0.334796
-0.327759
-0.319308
-0.309402
-0.296576
-0.281748
-0.266207
-0.25107
-0.237583
-0.333837
-0.327536
-0.321466
-0.313936
-0.305689
-0.295149
-0.282433
-0.268624
-0.254688
-0.242247
-0.326403
-0.32107
-0.315788
-0.309195
-0.302083
-0.293479
-0.282757
-0.270685
-0.257981
-0.246577
-0.31978
-0.315362
-0.310721
-0.305056
-0.298751
-0.291667
-0.282762
-0.272411
-0.26097
-0.250599
-0.313921
-0.310348
-0.30626
-0.301406
-0.295815
-0.289822
-0.282491
-0.273815
-0.263669
-0.254333
-0.308771
-0.305954
-0.302374
-0.298157
-0.293292
-0.288062
-0.281997
-0.274913
-0.266084
-0.257791
-0.30427
-0.302115
-0.299003
-0.295279
-0.29109
-0.286479
-0.281355
-0.275731
-0.268223
-0.260983
-0.300355
-0.298777
-0.296082
-0.292762
-0.289111
-0.285097
-0.280655
-0.276327
-0.27009
-0.263933
-0.296992
-0.295882
-0.29355
-0.290582
-0.287324
-0.283864
-0.279977
-0.276797
-0.271709
-0.266659
-0.294139
-0.293385
-0.291364
-0.288708
-0.28575
-0.282745
-0.279339
-0.277315
-0.272985
-0.269419
-0.291741
-0.291244
-0.2895
-0.287115
-0.284413
-0.281777
-0.278716
-0.278017
-0.273865
-0.272346
-0.289752
-0.289427
-0.287924
-0.285783
-0.283327
-0.281016
-0.278102
-0.279066
-0.27395
-0.276568
-0.288119
-0.287897
-0.286603
-0.284692
-0.282488
-0.280472
-0.277664
-0.280213
-0.273556
-0.281379
-0.286782
-0.28661
-0.285498
-0.283814
-0.281873
-0.280125
-0.277654
-0.280534
-0.274912
-0.274877
-0.285678
-0.285517
-0.284565
-0.283112
-0.281442
-0.279951
-0.278042
-0.280108
-0.276982
-0.272281
-0.284741
-0.284567
-0.283761
-0.282541
-0.281148
-0.279919
-0.278578
-0.27967
-0.278984
-0.272646
-0.283907
-0.283712
-0.283047
-0.282055
-0.280944
-0.279994
-0.279135
-0.279602
-0.280507
-0.273975
-0.283123
-0.28291
-0.282383
-0.281613
-0.280786
-0.280131
-0.279671
-0.279913
-0.281509
-0.275862
-0.282337
-0.282129
-0.281734
-0.281183
-0.280637
-0.280285
-0.280184
-0.280487
-0.28236
-0.27816
-0.281511
-0.281341
-0.281075
-0.280736
-0.280464
-0.280416
-0.280656
-0.281188
-0.283215
-0.280582
-0.280621
-0.280524
-0.280387
-0.280251
-0.280242
-0.280491
-0.281059
-0.281904
-0.284114
-0.28287
-0.279651
-0.279664
-0.279656
-0.279712
-0.279949
-0.280481
-0.281369
-0.28254
-0.28501
-0.284901
-0.278595
-0.278758
-0.278876
-0.279112
-0.279574
-0.280369
-0.281561
-0.283035
-0.285847
-0.286587
-0.277466
-0.277804
-0.278048
-0.278447
-0.279112
-0.280139
-0.28158
-0.283428
-0.28653
-0.287913
-0.27628
-0.276817
-0.277181
-0.277727
-0.278568
-0.279796
-0.281465
-0.283648
-0.286818
-0.289141
-0.275065
-0.275815
-0.276293
-0.276967
-0.277957
-0.279355
-0.281223
-0.283674
-0.286943
-0.290098
-0.273858
-0.274825
-0.275407
-0.276191
-0.277304
-0.278841
-0.280877
-0.283534
-0.286934
-0.290725
-0.272701
-0.27388
-0.274554
-0.275429
-0.276641
-0.278289
-0.280459
-0.283274
-0.286814
-0.291071
-0.271642
-0.273016
-0.273768
-0.274717
-0.276007
-0.27774
-0.280012
-0.282944
-0.286616
-0.291207
-0.270725
-0.272268
-0.273085
-0.274091
-0.275439
-0.277236
-0.279583
-0.2826
-0.286383
-0.291205
-0.269995
-0.271672
-0.272538
-0.273586
-0.274975
-0.276816
-0.279215
-0.282291
-0.28616
-0.291133
-0.269486
-0.271257
-0.272156
-0.273232
-0.274647
-0.276515
-0.278947
-0.282059
-0.285986
-0.29105
-0.269225
-0.271044
-0.271959
-0.273049
-0.274477
-0.276358
-0.278805
-0.281935
-0.28589
-0.290996
-0.297798
-0.306187
-0.316731
-0.329452
-0.344699
-0.362493
-0.382783
-0.4052
-0.429106
-0.453521
-0.47721
-0.498732
-0.516575
-0.529282
-0.535498
-0.533858
-0.522948
-0.501665
-0.467999
-0.422049
-0.361111
-0.291257
-0.205943
-0.125549
-0.0509999
0.0109562
0.0340924
0.0528493
0.0396744
0.0218176
-0.297914
-0.30627
-0.316812
-0.329539
-0.344804
-0.36263
-0.382961
-0.405428
-0.429391
-0.453862
-0.477604
-0.499169
-0.517048
-0.529788
-0.536029
-0.534426
-0.523568
-0.502359
-0.46875
-0.422885
-0.361991
-0.292193
-0.206832
-0.126318
-0.0517151
0.010495
0.0337082
0.0525574
0.0394675
0.0216964
-0.29812
-0.306406
-0.316946
-0.329682
-0.344981
-0.362864
-0.383275
-0.405839
-0.429912
-0.454493
-0.478336
-0.49999
-0.517942
-0.530746
-0.537041
-0.535513
-0.524757
-0.503696
-0.470198
-0.424499
-0.363693
-0.294004
-0.208566
-0.127817
-0.0531288
0.0095858
0.0329386
0.0519674
0.0390536
0.0214566
-0.298364
-0.306546
-0.317078
-0.329823
-0.345165
-0.363126
-0.383645
-0.406347
-0.430574
-0.455313
-0.479304
-0.501091
-0.519153
-0.532057
-0.538439
-0.537035
-0.526423
-0.505579
-0.472251
-0.426789
-0.366116
-0.296591
-0.211077
-0.129982
-0.0552153
0.00823764
0.0317892
0.0510688
0.038433
0.0211032
-0.298576
-0.306621
-0.317134
-0.329885
-0.345272
-0.363322
-0.383968
-0.406833
-0.431252
-0.45619
-0.480374
-0.502334
-0.520546
-0.53359
-0.540097
-0.538848
-0.528448
-0.507887
-0.474788
-0.429628
-0.369136
-0.299826
-0.21427
-0.132736
-0.0578734
0.00642292
0.0302725
0.0498518
0.0376072
0.0206428
-0.29868
-0.306554
-0.317036
-0.329783
-0.345208
-0.363344
-0.384125
-0.40717
-0.431807
-0.456978
-0.481392
-0.503571
-0.521977
-0.535204
-0.541878
-0.540812
-0.53071
-0.510491
-0.477681
-0.432881
-0.372618
-0.30357
-0.218044
-0.135995
-0.0610414
0.00414284
0.0283995
0.048311
0.0365799
0.0200831
-0.298601
-0.306274
-0.316706
-0.329434
-0.344879
-0.36309
-0.384
-0.407227
-0.432097
-0.457527
-0.482208
-0.50465
-0.523298
-0.536762
-0.543659
-0.54297
-0.533081
-0.513263
-0.480806
-0.43642
-0.376433
-0.30769
-0.2223
-0.139649
-0.0646543
0.00140382
0.026185
0.0464485
0.0353575
0.0194321
-0.298283
-0.305717
-0.316083
-0.328769
-0.344207
-0.362466
-0.383486
-0.406886
-0.431995
-0.457703
-0.482683
-0.505434
-0.524378
-0.538138
-0.54532
-0.54497
-0.535445
-0.516089
-0.484048
-0.440129
-0.380466
-0.312078
-0.226926
-0.143611
-0.0686378
-0.0017759
0.0236483
0.0442746
0.0339497
0.0186986
-0.297696
-0.304842
-0.315129
-0.327738
-0.343133
-0.361404
-0.382502
-0.406053
-0.431393
-0.457389
-0.482698
-0.505805
-0.5251
-0.539223
-0.546755
-0.546813
-0.537705
-0.518866
-0.487303
-0.443901
-0.384621
-0.316647
-0.231703
-0.147883
-0.0729237
-0.00536462
0.0208128
0.0418071
0.0323694
0.0178912
-0.296691
-0.303672
-0.313806
-0.326314
-0.341632
-0.359864
-0.380998
-0.404664
-0.430212
-0.456496
-0.482157
-0.505664
-0.525372
-0.539925
-0.547878
-0.54841
-0.539776
-0.521509
-0.490482
-0.447656
-0.388797
-0.321175
-0.236698
-0.152344
-0.0774483
-0.00932349
0.0177049
0.0390701
0.0306321
0.0170192
-0.295292
-0.302269
-0.31213
-0.324509
-0.339666
-0.357812
-0.378929
-0.40265
-0.428433
-0.454979
-0.481001
-0.504941
-0.525117
-0.540171
-0.548617
-0.549687
-0.54159
-0.523947
-0.493505
-0.451334
-0.392845
-0.325661
-0.241779
-0.156938
-0.0821507
-0.0136081
0.0143534
0.0360927
0.0287559
0.0160918
-0.293708
-0.300575
-0.310144
-0.322354
-0.337309
-0.355302
-0.376339
-0.400102
-0.425932
-0.452768
-0.479171
-0.503591
-0.52429
-0.539913
-0.548918
-0.550601
-0.543089
-0.526114
-0.496272
-0.454722
-0.396871
-0.330015
-0.246855
-0.161611
-0.0869739
-0.0181698
0.0107891
0.0329071
0.0267602
0.0151183
-0.292015
-0.298681
-0.307907
-0.319899
-0.334588
-0.352355
-0.373236
-0.396947
-0.422855
-0.449912
-0.476673
-0.50158
-0.522844
-0.539093
-0.548734
-0.551069
-0.544219
-0.527926
-0.498801
-0.457896
-0.400695
-0.334176
-0.251851
-0.166313
-0.0918668
-0.0229586
0.0070434
0.0295477
0.0246656
0.0141083
-0.290323
-0.296682
-0.305494
-0.317216
-0.331571
-0.34904
-0.369691
-0.393273
-0.419191
-0.446417
-0.473512
-0.49891
-0.520773
-0.537704
-0.548039
-0.551097
-0.544949
-0.529375
-0.500985
-0.460759
-0.404278
-0.338094
-0.2567
-0.171002
-0.0967848
-0.0279233
0.00314968
0.0260499
0.0224929
0.013071
-0.288733
-0.294666
-0.302987
-0.314383
-0.328342
-0.34544
-0.365787
-0.38916
-0.415006
-0.44234
-0.469727
-0.495605
-0.518082
-0.535733
-0.546814
-0.550648
-0.545238
-0.530416
-0.502793
-0.463267
-0.407572
-0.341729
-0.261343
-0.175634
-0.101678
-0.033006
-0.000853751
0.0224509
0.0202637
0.0120155
-0.287318
-0.292708
-0.300468
-0.311481
-0.324981
-0.341644
-0.361614
-0.384699
-0.410389
-0.437756
-0.465379
-0.491703
-0.514792
-0.533184
-0.545047
-0.549695
-0.545064
-0.531019
-0.504188
-0.465378
-0.410522
-0.345031
-0.2657
-0.180141
-0.106485
-0.0381417
-0.0049271
0.0187877
0.0179988
0.0109507
-0.286153
-0.290847
-0.298004
-0.308575
-0.321561
-0.337729
-0.357258
-0.379981
-0.405433
-0.43275
-0.460537
-0.487258
-0.510935
-0.530071
-0.54274
-0.548231
-0.544407
-0.531152
-0.50513
-0.467038
-0.413062
-0.347946
-0.269725
-0.184497
-0.111206
-0.0433047
-0.00905781
0.0150847
0.0157143
0.00988475
-0.285251
-0.289038
-0.295622
-0.305726
-0.318158
-0.333786
-0.352819
-0.375113
-0.400248
-0.427431
-0.455305
-0.48236
-0.506587
-0.526451
-0.539927
-0.546271
-0.543269
-0.530807
-0.505621
-0.468277
-0.415259
-0.350613
-0.273614
-0.18889
-0.116015
-0.0485733
-0.0132819
0.0113441
0.0134187
0.00882335
-0.285214
-0.287329
-0.293362
-0.302959
-0.314805
-0.329862
-0.348352
-0.37016
-0.394907
-0.421871
-0.44974
-0.477038
-0.501739
-0.522278
-0.536547
-0.543698
-0.54159
-0.529998
-0.505757
-0.46927
-0.417337
-0.353268
-0.277542
-0.193429
-0.120908
-0.0539199
-0.0175472
0.00759433
0.0111292
0.00777096
-0.285838
-0.285201
-0.291097
-0.300001
-0.311191
-0.325628
-0.343512
-0.364747
-0.388989
-0.415604
-0.443349
-0.47081
-0.495957
-0.517195
-0.532329
-0.540431
-0.539228
-0.528474
-0.505107
-0.469312
-0.418246
-0.354564
-0.279827
-0.196606
-0.124553
-0.0585537
-0.0213911
0.00400939
0.00890625
0.00673613
-0.275456
-0.280306
-0.289316
-0.298506
-0.309467
-0.32356
-0.341053
-0.361878
-0.385719
-0.411994
-0.439509
-0.466872
-0.492068
-0.513452
-0.528819
-0.537153
-0.536158
-0.525451
-0.502271
-0.46643
-0.415775
-0.352279
-0.278663
-0.197285
-0.126504
-0.062766
-0.0253039
-4.19738e-05
0.00632801
0.00551721
-0.275131
-0.280426
-0.289563
-0.2987
-0.309463
-0.323354
-0.340601
-0.36102
-0.384249
-0.409767
-0.436452
-0.463006
-0.487484
-0.508286
-0.523229
-0.531168
-0.530019
-0.519057
-0.495936
-0.460086
-0.410173
-0.347462
-0.275807
-0.197327
-0.128549
-0.0675844
-0.0299314
-0.00475852
0.00331157
0.00411371
-0.275064
-0.280641
-0.289137
-0.298428
-0.309351
-0.32316
-0.340136
-0.3601
-0.382653
-0.407306
-0.432995
-0.458509
-0.481993
-0.50191
-0.51613
-0.523457
-0.521947
-0.510635
-0.487546
-0.451819
-0.402838
-0.341421
-0.272095
-0.196992
-0.13049
-0.0722767
-0.0345702
-0.00940914
0.000307543
0.00274663
-0.273407
-0.279573
-0.287384
-0.296693
-0.307851
-0.321614
-0.338248
-0.357644
-0.379405
-0.403081
-0.427678
-0.452067
-0.474491
-0.493455
-0.506899
-0.513505
-0.511569
-0.499895
-0.476852
-0.441437
-0.393598
-0.333999
-0.267362
-0.196047
-0.132139
-0.0766762
-0.0391196
-0.0139271
-0.00264811
0.00143084
-0.269474
-0.276847
-0.284402
-0.293549
-0.304783
-0.318443
-0.334644
-0.35333
-0.37415
-0.396693
-0.420052
-0.443178
-0.464431
-0.482341
-0.494946
-0.500802
-0.498422
-0.486461
-0.463592
-0.428831
-0.382506
-0.325321
-0.261796
-0.194568
-0.133523
-0.0807495
-0.0435269
-0.0182665
-0.005525
0.000177406
-0.263785
-0.272573
-0.280302
-0.289258
-0.300357
-0.313774
-0.329432
-0.347255
-0.36695
-0.388154
-0.410063
-0.431707
-0.451597
-0.468283
-0.479952
-0.485121
-0.482364
-0.470309
-0.447883
-0.414239
-0.369883
-0.315651
-0.255602
-0.192604
-0.134614
-0.0844423
-0.0477264
-0.0223849
-0.00829484
-0.00100514
-0.257123
-0.267016
-0.275177
-0.284033
-0.294861
-0.307886
-0.322902
-0.339756
-0.358186
-0.377875
-0.398136
-0.418079
-0.436393
-0.451676
-0.462321
-0.466876
-0.463854
-0.45195
-0.430288
-0.398206
-0.356233
-0.305336
-0.249004
-0.190234
-0.135404
-0.0877335
-0.0516707
-0.0262529
-0.0109348
-0.00211158
-0.249798
-0.260475
-0.269152
-0.278018
-0.288535
-0.301064
-0.315372
-0.331218
-0.34834
-0.366449
-0.384973
-0.40311
-0.419724
-0.433519
-0.443067
-0.446996
-0.443797
-0.432256
-0.411625
-0.381418
-0.3421
-0.294717
-0.242193
-0.187533
-0.135879
-0.0906081
-0.0553186
-0.0298476
-0.0134256
-0.00313883
-0.242066
-0.253259
-0.262386
-0.271325
-0.28155
-0.29354
-0.307108
-0.321958
-0.337807
-0.35438
-0.371195
-0.387551
-0.402465
-0.414767
-0.423196
-0.426467
-0.423141
-0.412101
-0.392663
-0.364482
-0.327924
-0.284056
-0.235298
-0.184558
-0.13603
-0.0930617
-0.0586405
-0.0331539
-0.0157519
-0.0040856
-0.234156
-0.245586
-0.255036
-0.26406
-0.274028
-0.285481
-0.298308
-0.3122
-0.326853
-0.341992
-0.357204
-0.371885
-0.385183
-0.396064
-0.403401
-0.406022
-0.402597
-0.392125
-0.373947
-0.347811
-0.313989
-0.273517
-0.228392
-0.181347
-0.13585
-0.0950945
-0.0616147
-0.036161
-0.0179015
-0.00495157
-0.226141
-0.237606
-0.24725
-0.256329
-0.266063
-0.277006
-0.289112
-0.302096
-0.315642
-0.329473
-0.343219
-0.356368
-0.368175
-0.377749
-0.384061
-0.386068
-0.382578
-0.3727
-0.355783
-0.331633
-0.300443
-0.263184
-0.22151
-0.177928
-0.135339
-0.096711
-0.0642271
-0.0388621
-0.0198651
-0.00573715
-0.218087
-0.229454
-0.239165
-0.248242
-0.257746
-0.268207
-0.279626
-0.291756
-0.304282
-0.31693
-0.329357
-0.341127
-0.35159
-0.359982
-0.365368
-0.366815
-0.363298
-0.354012
-0.338317
-0.316053
-0.287349
-0.253095
-0.214667
-0.174321
-0.134501
-0.0979188
-0.0664699
-0.0412541
-0.0216363
-0.00644315
-0.210094
-0.221237
-0.230897
-0.239904
-0.249166
-0.259169
-0.26994
-0.28127
-0.292858
-0.304439
-0.315688
-0.326229
-0.335496
-0.34283
-0.347396
-0.348367
-0.34485
-0.336132
-0.321598
-0.301104
-0.274727
-0.24327
-0.207875
-0.170545
-0.133348
-0.098729
-0.068341
-0.0433368
-0.0232117
-0.0070708
-0.202223
-0.213039
-0.222548
-0.231418
-0.240416
-0.249977
-0.260136
-0.270719
-0.281445
-0.292061
-0.302262
-0.311715
-0.319923
-0.32632
-0.330168
-0.330742
-0.327254
-0.319077
-0.305637
-0.286795
-0.262587
-0.233721
-0.201146
-0.166622
-0.131896
-0.0991566
-0.0698439
-0.0451134
-0.0245905
-0.00762172
-0.194518
-0.204932
-0.214209
-0.22288
-0.231588
-0.240715
-0.250295
-0.260181
-0.270116
-0.279859
-0.289125
-0.297615
-0.304893
-0.31047
-0.313697
-0.313945
-0.310513
-0.302854
-0.290437
-0.273132
-0.250934
-0.224461
-0.194495
-0.162572
-0.130167
-0.0992207
-0.0709872
-0.0465902
-0.0257746
-0.00809801
-0.187026
-0.196985
-0.205962
-0.21438
-0.222773
-0.23147
-0.2405
-0.249736
-0.258942
-0.267895
-0.276326
-0.283968
-0.290431
-0.295296
-0.297993
-0.297978
-0.294626
-0.287462
-0.276
-0.260116
-0.239772
-0.2155
-0.187939
-0.158423
-0.128186
-0.0989452
-0.0717848
-0.0477769
-0.026769
-0.00850236
-0.17979
-0.189252
-0.197877
-0.205998
-0.214056
-0.222326
-0.230832
-0.23946
-0.247995
-0.256233
-0.263919
-0.270813
-0.276568
-0.280819
-0.283068
-0.282845
-0.279594
-0.272902
-0.262326
-0.24775
-0.229109
-0.206854
-0.181502
-0.154202
-0.125985
-0.0983578
-0.0722556
-0.0486864
-0.0275807
-0.00883811
-0.17284
-0.181781
-0.190017
-0.19781
-0.205515
-0.213363
-0.221368
-0.229429
-0.237347
-0.244935
-0.251956
-0.258193
-0.263333
-0.267059
-0.268933
-0.26855
-0.265417
-0.259173
-0.249418
-0.236041
-0.218955
-0.198541
-0.175208
-0.149942
-0.123597
-0.0974906
-0.0724236
-0.0493351
-0.0282194
-0.00910925
-0.166206
-0.174616
-0.182441
-0.189883
-0.197226
-0.204658
-0.212185
-0.219715
-0.227066
-0.234065
-0.240494
-0.246153
-0.250761
-0.25404
-0.255604
-0.255103
-0.2521
-0.24628
-0.23728
-0.224996
-0.209325
-0.190582
-0.169087
-0.145679
-0.12106
-0.0963798
-0.0723172
-0.0497426
-0.0286967
-0.00932046
-0.159916
-0.167796
-0.175199
-0.182278
-0.189257
-0.196284
-0.203358
-0.210392
-0.217221
-0.223688
-0.229587
-0.23474
-0.238888
-0.241789
-0.243099
-0.242515
-0.239649
-0.234228
-0.22592
-0.214628
-0.200236
-0.183003
-0.163171
-0.141452
-0.118417
-0.0950653
-0.0719692
-0.0499321
-0.0290263
-0.00947702
-0.153996
-0.161357
-0.168339
-0.175054
-0.181672
-0.18831
-0.194955
-0.201529
-0.20788
-0.213865
-0.219293
-0.224001
-0.227753
-0.230336
-0.231439
-0.230802
-0.228078
-0.223028
-0.21535
-0.204952
-0.19171
-0.175833
-0.157497
-0.137305
-0.115714
-0.0935908
-0.0714166
-0.0499299
-0.0292236
-0.00958474
-0.148473
-0.155335
-0.161907
-0.168264
-0.174533
-0.1808
-0.187044
-0.193194
-0.199109
-0.20466
-0.20967
-0.213989
-0.217401
-0.219715
-0.220653
-0.219987
-0.217404
-0.212696
-0.205588
-0.195991
-0.183774
-0.169106
-0.152106
-0.133283
-0.112997
-0.0920034
-0.0706995
-0.0497653
-0.0293058
-0.00964988
-0.143373
-0.149766
-0.155945
-0.161961
-0.167898
-0.173818
-0.179691
-0.185452
-0.190973
-0.196136
-0.200777
-0.204757
-0.207878
-0.209968
-0.210774
-0.210096
-0.207651
-0.203256
-0.196657
-0.18777
-0.17646
-0.16286
-0.147043
-0.129436
-0.110322
-0.0903536
-0.0698617
-0.0494708
-0.0292913
-0.00967907
-0.138729
-0.144687
-0.1505
-0.156196
-0.161826
-0.167426
-0.172962
-0.178372
-0.18354
-0.188359
-0.192676
-0.196364
-0.199237
-0.20114
-0.201843
-0.201165
-0.198851
-0.194737
-0.188588
-0.180325
-0.169806
-0.157139
-0.142357
-0.125819
-0.107743
-0.0886952
-0.0689497
-0.0490808
-0.0292003
-0.00967918
-0.134576
-0.14014
-0.14562
-0.151024
-0.156375
-0.161688
-0.166922
-0.172022
-0.176879
-0.181397
-0.185433
-0.188871
-0.191536
-0.193285
-0.193907
-0.193238
-0.191045
-0.187179
-0.181422
-0.173696
-0.16386
-0.151994
-0.138104
-0.122492
-0.10532
-0.0870848
-0.0680122
-0.0486321
-0.0290542
-0.00965732
-0.130953
-0.136171
-0.141358
-0.146504
-0.151609
-0.156671
-0.161644
-0.166475
-0.171064
-0.175325
-0.179124
-0.182352
-0.184844
-0.186469
-0.187028
-0.186373
-0.184286
-0.180634
-0.17521
-0.167938
-0.158675
-0.147485
-0.134347
-0.119517
-0.103116
-0.0855816
-0.0670998
-0.0481624
-0.0288758
-0.00962082
-0.127908
-0.132834
-0.137772
-0.142701
-0.147598
-0.152449
-0.157203
-0.16181
-0.166178
-0.170227
-0.17383
-0.176887
-0.179241
-0.180767
-0.181279
-0.180639
-0.178644
-0.175169
-0.170017
-0.163116
-0.154321
-0.14368
-0.131156
-0.116967
-0.101201
-0.0842475
-0.0662645
-0.0477106
-0.0286883
-0.0095771
-0.125501
-0.130194
-0.134934
-0.13969
-0.144424
-0.149109
-0.153691
-0.158122
-0.162316
-0.166199
-0.169651
-0.172576
-0.174823
-0.176274
-0.176752
-0.176127
-0.174205
-0.170868
-0.165928
-0.159313
-0.150879
-0.140661
-0.12861
-0.114916
-0.0996442
-0.0831466
-0.0655594
-0.0473158
-0.028515
-0.0095333
-0.123801
-0.128328
-0.132929
-0.137563
-0.142182
-0.146751
-0.151213
-0.155521
-0.159594
-0.163361
-0.166707
-0.169541
-0.171715
-0.173116
-0.173571
-0.172956
-0.171084
-0.167843
-0.163051
-0.156634
-0.14845
-0.138524
-0.126801
-0.113452
-0.0985244
-0.0823459
-0.0650388
-0.047017
-0.0283795
-0.00949657
-0.12287
-0.127319
-0.13185
-0.136421
-0.14098
-0.145488
-0.149886
-0.15413
-0.158139
-0.161845
-0.165137
-0.167922
-0.170058
-0.171433
-0.171877
-0.171269
-0.169425
-0.166236
-0.161522
-0.155209
-0.147157
-0.137385
-0.125835
-0.112667
-0.0979221
-0.0819119
-0.0647552
-0.046851
-0.028304
-0.00947383
-0.178685
-0.186875
-0.194623
-0.201944
-0.208848
-0.215355
-0.221486
-0.227262
-0.232701
-0.237816
-0.242616
-0.247107
-0.251318
-0.255279
-0.259127
-0.263061
-0.267376
-0.27268
-0.277889
-0.286493
-0.169425
-0.177449
-0.185105
-0.19241
-0.199384
-0.206047
-0.212418
-0.218512
-0.224344
-0.229928
-0.235289
-0.240457
-0.245502
-0.250534
-0.255607
-0.261032
-0.266168
-0.272243
-0.275903
-0.284007
-0.160914
-0.168674
-0.176122
-0.18328
-0.190173
-0.196823
-0.203249
-0.209469
-0.215506
-0.22139
-0.22715
-0.232851
-0.238463
-0.244134
-0.249463
-0.254981
-0.259278
-0.264791
-0.267929
-0.275814
-0.153083
-0.160564
-0.167799
-0.174808
-0.181613
-0.188231
-0.194679
-0.200979
-0.207141
-0.213205
-0.219136
-0.225014
-0.230618
-0.236217
-0.241181
-0.246559
-0.250976
-0.257114
-0.261754
-0.269323
-0.145963
-0.15318
-0.160207
-0.167064
-0.173762
-0.180319
-0.186739
-0.193047
-0.19922
-0.205307
-0.2112
-0.217042
-0.222562
-0.228236
-0.233501
-0.239468
-0.244814
-0.251256
-0.256366
-0.262931
-0.139548
-0.146499
-0.153304
-0.159977
-0.166522
-0.172957
-0.179271
-0.185497
-0.191588
-0.197622
-0.203486
-0.209394
-0.215115
-0.221104
-0.226805
-0.232892
-0.238288
-0.244091
-0.249201
-0.255427
-0.133733
-0.140413
-0.146976
-0.153434
-0.159785
-0.16605
-0.172214
-0.178315
-0.184314
-0.190301
-0.196186
-0.202144
-0.207953
-0.213865
-0.219443
-0.225115
-0.230407
-0.236076
-0.241681
-0.247953
-0.128457
-0.13486
-0.141165
-0.147387
-0.153525
-0.159597
-0.165592
-0.171549
-0.177435
-0.183315
-0.189106
-0.194901
-0.200539
-0.206183
-0.211657
-0.217267
-0.222834
-0.22863
-0.234388
-0.240438
-0.123652
-0.129774
-0.135818
-0.141797
-0.147711
-0.153575
-0.159382
-0.165154
-0.170867
-0.176553
-0.182163
-0.187756
-0.193278
-0.198842
-0.204386
-0.210006
-0.215566
-0.221135
-0.226702
-0.232582
-0.119293
-0.125134
-0.130912
-0.136639
-0.142316
-0.147952
-0.153542
-0.159099
-0.164611
-0.1701
-0.175553
-0.18101
-0.18645
-0.191905
-0.197321
-0.202709
-0.208045
-0.213417
-0.218915
-0.224724
-0.115338
-0.120898
-0.126408
-0.131877
-0.137307
-0.142704
-0.148067
-0.153405
-0.158716
-0.164015
-0.169296
-0.174569
-0.179817
-0.185042
-0.190235
-0.195426
-0.200642
-0.205926
-0.211318
-0.216945
-0.111723
-0.117008
-0.122253
-0.127465
-0.132647
-0.137804
-0.142937
-0.148051
-0.153146
-0.158225
-0.163286
-0.168331
-0.173358
-0.17838
-0.183406
-0.188448
-0.193509
-0.198598
-0.203764
-0.209159
-0.108418
-0.113432
-0.118416
-0.123374
-0.12831
-0.133224
-0.13812
-0.142999
-0.147861
-0.15271
-0.157545
-0.162374
-0.167199
-0.172025
-0.176851
-0.181676
-0.186502
-0.191356
-0.196301
-0.201477
-0.105393
-0.110144
-0.114872
-0.119579
-0.124267
-0.128939
-0.133595
-0.138237
-0.142867
-0.147488
-0.152101
-0.156708
-0.16131
-0.165906
-0.170496
-0.175086
-0.179688
-0.184329
-0.189055
-0.193982
-0.102608
-0.107105
-0.111584
-0.116046
-0.120493
-0.124926
-0.129346
-0.133755
-0.138154
-0.142544
-0.146926
-0.1513
-0.155668
-0.16003
-0.164392
-0.168759
-0.173138
-0.177545
-0.182023
-0.18668
-0.100022
-0.10428
-0.10852
-0.112745
-0.116957
-0.121158
-0.125348
-0.129527
-0.133696
-0.137856
-0.142007
-0.146152
-0.150291
-0.154426
-0.158559
-0.162692
-0.166831
-0.170992
-0.175216
-0.179605
-0.0976407
-0.101667
-0.105675
-0.10967
-0.113654
-0.117628
-0.121592
-0.125545
-0.129489
-0.133423
-0.137349
-0.141267
-0.145179
-0.149084
-0.152984
-0.156881
-0.160782
-0.164702
-0.168678
-0.172797
-0.0954458
-0.099246
-0.103032
-0.106805
-0.110569
-0.114323
-0.118067
-0.121801
-0.125526
-0.12924
-0.132946
-0.136642
-0.140329
-0.144008
-0.147681
-0.151349
-0.155018
-0.1587
-0.162428
-0.16628
-0.0934003
-0.0969862
-0.10056
-0.104124
-0.107677
-0.111222
-0.114756
-0.11828
-0.121794
-0.125297
-0.128789
-0.132271
-0.135743
-0.139204
-0.142657
-0.146102
-0.149545
-0.152994
-0.15648
-0.160072
-0.0914987
-0.0948834
-0.0982576
-0.101622
-0.104977
-0.108322
-0.111657
-0.114981
-0.118294
-0.121594
-0.124883
-0.12816
-0.131425
-0.134677
-0.137919
-0.14115
-0.144374
-0.147601
-0.150855
-0.154197
-0.0897313
-0.0929277
-0.0961146
-0.0992918
-0.102459
-0.105617
-0.108764
-0.111899
-0.115022
-0.118131
-0.121228
-0.124311
-0.127379
-0.130434
-0.133475
-0.136503
-0.139522
-0.142537
-0.145571
-0.148677
-0.0880925
-0.0911143
-0.0941269
-0.0971299
-0.100123
-0.103106
-0.106077
-0.109035
-0.111981
-0.114912
-0.117828
-0.120729
-0.123615
-0.126485
-0.129339
-0.132177
-0.135003
-0.13782
-0.140649
-0.143533
-0.0865814
-0.0894425
-0.0922947
-0.0951372
-0.0979694
-0.100791
-0.103599
-0.106395
-0.109176
-0.111942
-0.114693
-0.117426
-0.120143
-0.122842
-0.125523
-0.128186
-0.130834
-0.13347
-0.136109
-0.138789
-0.0852026
-0.0879176
-0.0906238
-0.0933201
-0.0960057
-0.0986796
-0.101341
-0.103988
-0.10662
-0.109235
-0.111834
-0.114416
-0.116978
-0.119522
-0.122046
-0.124551
-0.127038
-0.129509
-0.131977
-0.134472
-0.0839626
-0.0865473
-0.089123
-0.0916885
-0.0942428
-0.0967849
-0.0993135
-0.101828
-0.104326
-0.106807
-0.109271
-0.111716
-0.114142
-0.116547
-0.118932
-0.121296
-0.12364
-0.125965
-0.128282
-0.130613
-0.08287
-0.0853415
-0.0878033
-0.0902542
-0.0926935
-0.09512
-0.0975329
-0.0999307
-0.102312
-0.104677
-0.107023
-0.10935
-0.111657
-0.113943
-0.116207
-0.11845
-0.120671
-0.122871
-0.125058
-0.127249
-0.0819509
-0.0843248
-0.0866886
-0.0890413
-0.091382
-0.0937099
-0.0960239
-0.0983228
-0.100605
-0.102871
-0.105117
-0.107345
-0.109552
-0.111738
-0.113903
-0.116045
-0.118165
-0.120263
-0.122344
-0.12442
-0.08123
-0.0835239
-0.0858079
-0.0880807
-0.0903417
-0.0925898
-0.094824
-0.0970433
-0.0992464
-0.101432
-0.1036
-0.105749
-0.107877
-0.109985
-0.112071
-0.114136
-0.116177
-0.118197
-0.120196
-0.122184
-0.0807055
-0.0829371
-0.0851593
-0.0873713
-0.0895721
-0.0917608
-0.0939363
-0.0960976
-0.0982436
-0.100373
-0.102486
-0.10458
-0.106656
-0.108711
-0.110746
-0.11276
-0.114752
-0.116722
-0.118671
-0.120603
-0.0804697
-0.0826618
-0.0848435
-0.0870137
-0.0891721
-0.0913183
-0.0934515
-0.0955712
-0.0976765
-0.0997666
-0.101841
-0.103899
-0.10594
-0.107963
-0.109969
-0.111956
-0.113924
-0.115873
-0.117804
-0.11972
0.0969094
0.0795263
0.0626697
0.0472055
0.0309765
0.0141268
-0.00240119
-0.0183791
-0.0339415
-0.0491084
-0.0638126
-0.0780254
-0.0917724
-0.105066
-0.118012
-0.129988
-0.14097
-0.151204
-0.160868
-0.170023
0.0889943
0.0714649
0.0529825
0.0380244
0.0234516
0.00792864
-0.00752602
-0.0222718
-0.0364772
-0.0503338
-0.0638079
-0.0768032
-0.0892216
-0.100945
-0.112339
-0.123206
-0.133417
-0.143053
-0.152237
-0.161024
0.0807497
0.0638827
0.0449296
0.0303735
0.0174953
0.00368601
-0.010542
-0.0241608
-0.0370987
-0.0496431
-0.0618474
-0.0735938
-0.0848044
-0.0955745
-0.106372
-0.116708
-0.12643
-0.135624
-0.144402
-0.152827
0.0717894
0.0556798
0.0368807
0.022806
0.0113232
-0.000838253
-0.0138014
-0.0264135
-0.0382886
-0.0497006
-0.0608488
-0.071704
-0.0821843
-0.0922277
-0.101692
-0.111079
-0.120213
-0.128948
-0.137303
-0.145336
0.0627154
0.0476745
0.0295647
0.0161221
0.00582999
-0.00482018
-0.0165013
-0.0281409
-0.0390944
-0.0495094
-0.0596546
-0.0695658
-0.0791536
-0.0883574
-0.0972137
-0.106008
-0.114618
-0.122911
-0.130867
-0.138536
0.0538218
0.0399944
0.0228642
0.0101029
0.000769197
-0.00860052
-0.0190799
-0.0297866
-0.0399262
-0.0494891
-0.0587549
-0.0678414
-0.0766952
-0.0852532
-0.0935176
-0.101715
-0.109768
-0.117579
-0.125124
-0.132433
0.0453121
0.0327266
0.0167588
0.00472439
-0.00382431
-0.0121197
-0.0214908
-0.0312902
-0.0406769
-0.049495
-0.0579857
-0.0663214
-0.0744996
-0.0824665
-0.0902185
-0.0979175
-0.105472
-0.112821
-0.119962
-0.126924
0.0372839
0.0258737
0.0111494
-0.000120051
-0.00801396
-0.0154284
-0.0238115
-0.0327491
-0.041434
-0.0496011
-0.0574222
-0.0650852
-0.072622
-0.0799898
-0.0872046
-0.0944972
-0.101633
-0.108566
-0.115327
-0.121952
0.0297787
0.0194265
0.00595147
-0.00452138
-0.0118402
-0.0185316
-0.0260505
-0.0341806
-0.042201
-0.0497857
-0.0570386
-0.0641507
-0.0712012
-0.0781661
-0.0849854
-0.0915503
-0.0981282
-0.104676
-0.111119
-0.11744
0.0228029
0.0133867
0.001116
-0.00854957
-0.0153401
-0.0214308
-0.0282059
-0.0355961
-0.0429871
-0.0500315
-0.0567665
-0.0633543
-0.0698802
-0.0763323
-0.0826666
-0.0888681
-0.0950677
-0.10125
-0.107362
-0.113375
0.0163468
0.00776533
-0.00337265
-0.0122482
-0.0185456
-0.0241274
-0.0302663
-0.0369907
-0.0437922
-0.0503308
-0.0565952
-0.0627152
-0.0687806
-0.0747988
-0.080741
-0.0865885
-0.0924274
-0.0982486
-0.104018
-0.109715
0.0103914
0.00256599
-0.00752129
-0.0156472
-0.0214872
-0.0266313
-0.0322252
-0.0383582
-0.0446162
-0.050684
-0.0565188
-0.062219
-0.0678693
-0.0734884
-0.0790582
-0.0845655
-0.0900688
-0.0955546
-0.100999
-0.106389
0.00491113
-0.00222096
-0.0113414
-0.0187713
-0.0241927
-0.0289565
-0.0340805
-0.0396902
-0.0454523
-0.0510838
-0.0565239
-0.0618439
-0.0671185
-0.0723723
-0.0775952
-0.0827781
-0.0879645
-0.0931353
-0.0982717
-0.103366
-0.000124136
-0.0066183
-0.0148534
-0.0216443
-0.0266863
-0.0311183
-0.0358342
-0.0409803
-0.0462916
-0.0515195
-0.0565939
-0.0615647
-0.0664964
-0.0714167
-0.0763222
-0.081205
-0.0860954
-0.0909684
-0.0958092
-0.100616
-0.00474257
-0.0106526
-0.0180814
-0.0242889
-0.0289874
-0.0331286
-0.037489
-0.0422247
-0.0471287
-0.0519862
-0.0567233
-0.0613708
-0.0659796
-0.0705741
-0.0751566
-0.0797349
-0.0843716
-0.0889836
-0.0935537
-0.0980922
-0.00897523
-0.0143533
-0.0210489
-0.0267232
-0.0311093
-0.0349936
-0.0390428
-0.0434144
-0.0479508
-0.0524707
-0.0569027
-0.0612665
-0.0656056
-0.0699455
-0.0742853
-0.0786042
-0.0828582
-0.0871385
-0.0914418
-0.0957413
-0.0128425
-0.01774
-0.0237732
-0.0289613
-0.0330609
-0.0367155
-0.0404903
-0.0445377
-0.0487403
-0.0529473
-0.0570912
-0.0611798
-0.0652451
-0.0693066
-0.0733646
-0.0774094
-0.0814327
-0.0854747
-0.0895347
-0.093595
-0.0163758
-0.0208382
-0.0262694
-0.031012
-0.0348474
-0.0382947
-0.0418265
-0.0455847
-0.0494848
-0.0534037
-0.0572798
-0.0611137
-0.0649293
-0.0687438
-0.0725595
-0.0763702
-0.0801688
-0.0839808
-0.0878053
-0.0916306
-0.019581
-0.0236527
-0.0285438
-0.0328815
-0.0364731
-0.0397321
-0.0430478
-0.0465487
-0.0501762
-0.053832
-0.0574618
-0.0610614
-0.0646476
-0.0682343
-0.0718244
-0.0754137
-0.0789977
-0.0825929
-0.0861975
-0.0898026
-0.0225009
-0.0262147
-0.0306086
-0.0345729
-0.0379395
-0.0410282
-0.0441524
-0.0474251
-0.050808
-0.0542246
-0.0576284
-0.0610123
-0.0643874
-0.0677645
-0.0711463
-0.0745301
-0.0779124
-0.0813045
-0.0847041
-0.0881044
-0.0251121
-0.0285077
-0.0324615
-0.0360904
-0.0392508
-0.0421845
-0.0451385
-0.0482092
-0.0513737
-0.0545739
-0.0577717
-0.0609581
-0.0641398
-0.0673247
-0.0705151
-0.0737091
-0.0769038
-0.080107
-0.0833165
-0.0865264
-0.0274934
-0.0305876
-0.0341203
-0.0374335
-0.0404046
-0.0432012
-0.0460067
-0.0489002
-0.0518708
-0.0548767
-0.0578877
-0.0608944
-0.0638999
-0.0669095
-0.069925
-0.0729446
-0.0759662
-0.0789951
-0.082029
-0.085063
-0.0295629
-0.0323981
-0.0355716
-0.0386088
-0.0414093
-0.0440824
-0.0467576
-0.0494965
-0.0522966
-0.0551299
-0.0579734
-0.0608181
-0.0636646
-0.0665157
-0.0693725
-0.0722335
-0.0750971
-0.0779666
-0.0808399
-0.0837129
-0.0314737
-0.0340463
-0.0368466
-0.039611
-0.0422568
-0.0448272
-0.0473951
-0.0500028
-0.0526547
-0.0553358
-0.0580305
-0.0607308
-0.0634352
-0.0661447
-0.0688594
-0.071578
-0.0742991
-0.0770249
-0.079753
-0.0824801
-0.0330401
-0.0354099
-0.03792
-0.0404598
-0.0429703
-0.0454504
-0.0479275
-0.0504254
-0.0529518
-0.0555018
-0.0580666
-0.06064
-0.0632191
-0.0658031
-0.0683912
-0.0709824
-0.0735758
-0.0761739
-0.0787731
-0.0813703
-0.0344862
-0.0366435
-0.038839
-0.0411523
-0.0435421
-0.0459529
-0.048362
-0.0507728
-0.0531955
-0.0556348
-0.058089
-0.060554
-0.0630263
-0.0655035
-0.0679842
-0.0704666
-0.0729486
-0.0754278
-0.0779091
-0.0803912
-0.0355072
-0.037562
-0.0395996
-0.0417692
-0.0440559
-0.0463934
-0.0487362
-0.0510729
-0.0534109
-0.0557589
-0.0581199
-0.0604921
-0.062872
-0.0652566
-0.0676437
-0.0700316
-0.0724181
-0.0748004
-0.0771845
-0.0795694
-0.0364138
-0.0383716
-0.0402577
-0.0423011
-0.0445008
-0.0467752
-0.0490608
-0.0513361
-0.0536062
-0.0558816
-0.0581682
-0.0604658
-0.0627711
-0.0650809
-0.0673925
-0.0697041
-0.0720135
-0.0743186
-0.0766238
-0.0789288
-0.0368654
-0.0388213
-0.0406982
-0.0427048
-0.0448532
-0.0470757
-0.0493129
-0.0515411
-0.0537623
-0.0559859
-0.0582182
-0.0604598
-0.0627083
-0.0649606
-0.0672144
-0.0694683
-0.071721
-0.0739714
-0.0762202
-0.0784658
-0.0372511
-0.0391549
-0.0409489
-0.0429063
-0.0450389
-0.0472594
-0.0494934
-0.0517121
-0.0539178
-0.056122
-0.0583322
-0.0605495
-0.0627714
-0.0649946
-0.0672165
-0.0694354
-0.0716497
-0.0738582
-0.0760647
-0.0782695
0.0851796
0.0905379
0.0878655
0.0961855
0.0968755
0.107486
0.111958
0.125149
0.133185
0.148212
0.15697
0.169697
0.170158
0.168064
0.134495
0.0850485
0.0902953
0.0876867
0.0956725
0.0964078
0.106473
0.110793
0.123092
0.130521
0.143972
0.151323
0.161105
0.159292
0.151299
0.119866
0.0849029
0.0900236
0.0874757
0.0950985
0.0958526
0.105333
0.109432
0.120777
0.12749
0.139286
0.145145
0.152028
0.14822
0.136181
0.108369
0.0847462
0.089715
0.0872464
0.0944596
0.0952455
0.104077
0.107958
0.118258
0.124262
0.134287
0.138741
0.142723
0.137332
0.122604
0.0969714
0.0845782
0.0893669
0.0869987
0.0937552
0.0945871
0.102707
0.106375
0.115545
0.120864
0.129029
0.132191
0.133381
0.126747
0.110153
0.0855521
0.0843985
0.0889757
0.0867303
0.0929822
0.0938715
0.101218
0.104677
0.112637
0.11729
0.123542
0.125502
0.124116
0.116423
0.0985525
0.0744762
0.0842071
0.0885373
0.0864397
0.0921368
0.0930944
0.0996066
0.102856
0.109541
0.113532
0.117871
0.118686
0.115018
0.106327
0.0876802
0.0640445
0.0840039
0.0880476
0.0861255
0.0912166
0.0922522
0.0978722
0.100909
0.10627
0.109593
0.112071
0.111773
0.106152
0.0964799
0.077496
0.0543996
0.0837889
0.0875027
0.0857858
0.0902206
0.0913407
0.0960196
0.0988302
0.10285
0.105476
0.106201
0.104794
0.0975571
0.0869358
0.0679776
0.0455743
0.0835624
0.0868996
0.085418
0.0891506
0.0903541
0.0940591
0.0966105
0.0993091
0.101194
0.100314
0.0977831
0.0892546
0.0777613
0.059094
0.037513
0.0833244
0.0862363
0.0850186
0.0880112
0.0892838
0.0920073
0.0942429
0.0956775
0.0967609
0.0944469
0.0907787
0.0812584
0.0690175
0.0508056
0.0301319
0.083075
0.0855125
0.0845821
0.0868121
0.0881182
0.0898821
0.0917279
0.0919809
0.0921938
0.0886289
0.0838303
0.0735771
0.0607509
0.0430763
0.0233519
0.0828141
0.08473
0.0841002
0.0855691
0.086847
0.0876997
0.0890698
0.0882397
0.0875174
0.0828828
0.0769959
0.0662161
0.0529882
0.0358804
0.0171087
0.0825412
0.0838945
0.0835611
0.0842984
0.0854667
0.0854717
0.0862763
0.0844713
0.0827661
0.077227
0.0703346
0.0591821
0.0457348
0.0291979
0.0113574
0.0822545
0.0830172
0.0829516
0.083013
0.0839779
0.0832081
0.0833611
0.080691
0.0779832
0.0716783
0.0639
0.0524863
0.0389799
0.0230127
0.00606678
0.0819501
0.0821143
0.0822638
0.0817192
0.0823848
0.0809184
0.0803458
0.0769122
0.073217
0.0662561
0.057735
0.0461446
0.0327049
0.0173085
0.00121199
0.0816223
0.0811991
0.0814958
0.0804221
0.0806959
0.0786111
0.0772595
0.0731478
0.0685163
0.0609849
0.0518703
0.0401741
0.0268911
0.0120652
-0.00323009
0.0812661
0.0802862
0.0806488
0.0791253
0.0789252
0.0762939
0.0741375
0.0694132
0.0639263
0.0558951
0.0463262
0.0345884
0.0215232
0.00726207
-0.00728406
0.0808775
0.0793898
0.079727
0.0778321
0.0770926
0.0739748
0.0710189
0.0657291
0.0594869
0.0510205
0.041117
0.0293961
0.016588
0.00287544
-0.0109721
0.0804547
0.0785228
0.0787392
0.076545
0.075224
0.0716638
0.0679436
0.0621237
0.055233
0.0463952
0.0362542
0.0246002
0.0120743
-0.00111135
-0.0143196
0.0799982
0.0776962
0.0776996
0.0752668
0.0733497
0.069375
0.0649498
0.0586323
0.0511955
0.0420503
0.031749
0.020201
0.00796964
-0.00472324
-0.0173389
0.0795116
0.0769197
0.0766282
0.074001
0.0715025
0.0671288
0.0620728
0.055295
0.0474032
0.0380125
0.0276123
0.0161986
0.0042659
-0.00796348
-0.0200628
0.0790024
0.0762018
0.07555
0.0727539
0.0697158
0.0649542
0.0593466
0.0521531
0.0438852
0.034305
0.0238554
0.0125938
0.000950599
-0.0108658
-0.0224771
0.0784817
0.0755493
0.0744943
0.0715359
0.0680221
0.0628893
0.0568058
0.049248
0.040671
0.0309493
0.0204884
0.00938808
-0.00197289
-0.0134044
-0.0246429
0.0779643
0.0749682
0.0734929
0.0703644
0.066453
0.0609776
0.0544876
0.046619
0.0377909
0.0279678
0.0175238
0.0065835
-0.00452468
-0.0156326
-0.0264799
0.0774694
0.0744643
0.0725793
0.069267
0.0650398
0.0592644
0.0524316
0.0443051
0.0352779
0.0253856
0.0149755
0.0041889
-0.00668337
-0.0174887
-0.0280901
0.0770194
0.0740415
0.0717876
0.0682853
0.0638158
0.0577931
0.0506808
0.0423471
0.0331675
0.0232314
0.0128659
0.00221759
-0.00846746
-0.0190506
-0.0293047
0.0766403
0.0737027
0.0711479
0.0674753
0.0628208
0.0566083
0.0492812
0.0407902
0.0315001
0.021538
0.0112169
0.000695158
-0.00979196
-0.020137
-0.0303056
0.0763612
0.0734603
0.070689
0.0668856
0.0621007
0.0557597
0.0482842
0.0396864
0.0303229
0.0203502
0.0100668
-0.000371074
-0.0107626
-0.0209883
-0.0308783
0.0762092
0.0733359
0.0704419
0.066564
0.0617096
0.0553034
0.0477497
0.0390967
0.0296948
0.0197181
0.00945898
-0.000918883
-0.0112279
-0.021373
-0.0312841
0.0859426
0.0924218
0.088331
0.0992087
0.0979228
0.112014
0.115192
0.133144
0.14266
0.165862
0.183955
0.214649
0.244035
0.285164
0.328106
0.0859396
0.092411
0.0883307
0.0991919
0.097921
0.111989
0.115181
0.133103
0.142617
0.16578
0.183818
0.214442
0.243655
0.284597
0.327119
0.0859335
0.0923896
0.08833
0.0991582
0.0979173
0.111939
0.11516
0.133023
0.142529
0.165617
0.183546
0.21403
0.242897
0.283465
0.325144
0.0859243
0.0923576
0.0883288
0.0991081
0.0979116
0.111865
0.115129
0.132903
0.142399
0.165372
0.183139
0.213411
0.241762
0.281772
0.322181
0.085912
0.0923154
0.0883268
0.0990419
0.0979036
0.111767
0.115086
0.132743
0.142227
0.165045
0.182601
0.212588
0.240256
0.279522
0.318232
0.0858964
0.0922632
0.0883239
0.0989599
0.0978929
0.111646
0.115032
0.132545
0.142013
0.164637
0.181935
0.211559
0.238381
0.27672
0.313301
0.0858776
0.0922013
0.0883196
0.0988628
0.0978792
0.111504
0.114965
0.13231
0.141758
0.164148
0.181143
0.210328
0.236145
0.273368
0.307394
0.0858553
0.0921303
0.0883136
0.0987512
0.097862
0.11134
0.114886
0.132038
0.141463
0.163578
0.180231
0.208894
0.233555
0.26947
0.300522
0.0858296
0.0920505
0.0883055
0.0986259
0.0978409
0.111157
0.114792
0.131731
0.141129
0.162929
0.179202
0.207259
0.23062
0.265033
0.292702
0.0858001
0.0919626
0.0882949
0.0984874
0.0978157
0.110953
0.114684
0.13139
0.140756
0.162202
0.17806
0.205421
0.227347
0.260062
0.283952
0.085767
0.0918672
0.0882797
0.0983366
0.0977854
0.11074
0.114561
0.131018
0.140346
0.1614
0.176811
0.203382
0.223748
0.254561
0.274298
0.0857299
0.0917651
0.0882622
0.0981739
0.0977513
0.110478
0.11442
0.130617
0.139898
0.160525
0.175456
0.20114
0.219834
0.248536
0.263768
0.0856887
0.0916566
0.0882524
0.0980005
0.0977147
0.110277
0.114258
0.130188
0.139413
0.159579
0.174
0.198697
0.215619
0.24199
0.252399
0.0856434
0.0915412
0.0882238
0.0978184
0.0976691
0.110001
0.114082
0.129734
0.13889
0.158566
0.172445
0.196054
0.211116
0.234928
0.240231
0.0855937
0.0914194
0.088195
0.0976285
0.0976125
0.109728
0.113892
0.129257
0.138331
0.15749
0.170791
0.193215
0.206339
0.227351
0.22731
0.0855391
0.0912919
0.0881615
0.0974319
0.0975459
0.109443
0.113687
0.128761
0.137734
0.156353
0.169042
0.190185
0.201301
0.219261
0.21369
0.0854809
0.0911595
0.0881221
0.0972287
0.0974686
0.109148
0.113465
0.128244
0.1371
0.155159
0.167194
0.18697
0.196017
0.21066
0.199429
0.0854219
0.0910232
0.0880797
0.096995
0.0973794
0.108844
0.113227
0.127705
0.136425
0.153902
0.165245
0.183569
0.190495
0.201565
0.184584
0.0853531
0.0908835
0.0880361
0.0968343
0.097287
0.108548
0.112996
0.127186
0.135754
0.152648
0.163238
0.180049
0.184745
0.191981
0.169323
0.0852786
0.0907365
0.0879777
0.0965948
0.0971684
0.108237
0.112715
0.126636
0.134998
0.151324
0.161076
0.176322
0.178718
0.181859
0.153578
0.0852785
0.0907364
0.0879776
0.0965947
0.0971683
0.108237
0.112715
0.126636
0.134998
0.151324
0.161075
0.176322
0.178717
0.181859
0.153578
0.0853531
0.0908835
0.088036
0.0968342
0.0972869
0.108548
0.112996
0.127185
0.135754
0.152648
0.163238
0.180049
0.184745
0.191981
0.169323
0.0854218
0.0910232
0.0880797
0.096995
0.0973793
0.108844
0.113227
0.127705
0.136425
0.153902
0.165245
0.183569
0.190495
0.201565
0.184584
0.0854809
0.0911595
0.0881221
0.0972287
0.0974686
0.109148
0.113465
0.128244
0.137099
0.155159
0.167194
0.186969
0.196017
0.21066
0.199429
0.0855391
0.0912919
0.0881614
0.0974319
0.0975458
0.109443
0.113687
0.128761
0.137734
0.156353
0.169042
0.190185
0.201301
0.219261
0.21369
0.0855937
0.0914193
0.088195
0.0976284
0.0976124
0.109728
0.113892
0.129257
0.13833
0.15749
0.170791
0.193215
0.206339
0.22735
0.22731
0.0856434
0.0915411
0.0882238
0.0978184
0.0976691
0.110001
0.114082
0.129734
0.13889
0.158566
0.172444
0.196054
0.211116
0.234927
0.240231
0.0856887
0.0916565
0.0882523
0.0980004
0.0977147
0.110277
0.114258
0.130188
0.139412
0.159579
0.174
0.198697
0.215619
0.24199
0.252399
0.0857298
0.0917651
0.0882622
0.0981738
0.0977512
0.110478
0.11442
0.130617
0.139898
0.160525
0.175456
0.20114
0.219834
0.248536
0.263768
0.0857669
0.0918671
0.0882796
0.0983366
0.0977853
0.11074
0.114561
0.131018
0.140346
0.1614
0.176811
0.203382
0.223747
0.254561
0.274297
0.0858001
0.0919625
0.0882949
0.0984874
0.0978157
0.110953
0.114684
0.13139
0.140756
0.162202
0.17806
0.205421
0.227347
0.260062
0.283952
0.0858295
0.0920505
0.0883055
0.0986258
0.0978409
0.111157
0.114792
0.131731
0.141129
0.162929
0.179202
0.207259
0.230619
0.265033
0.292702
0.0858553
0.0921303
0.0883136
0.0987512
0.0978619
0.11134
0.114886
0.132038
0.141463
0.163578
0.180231
0.208894
0.233555
0.26947
0.300522
0.0858776
0.0922013
0.0883196
0.0988628
0.0978791
0.111504
0.114965
0.13231
0.141758
0.164148
0.181143
0.210328
0.236145
0.273367
0.307394
0.0858964
0.0922632
0.0883239
0.0989599
0.0978929
0.111646
0.115032
0.132545
0.142013
0.164637
0.181934
0.211559
0.238381
0.276719
0.313301
0.085912
0.0923154
0.0883268
0.0990418
0.0979036
0.111767
0.115086
0.132743
0.142227
0.165045
0.182601
0.212588
0.240256
0.279522
0.318232
0.0859243
0.0923576
0.0883288
0.0991081
0.0979116
0.111865
0.115129
0.132903
0.142399
0.165372
0.183139
0.213411
0.241762
0.281772
0.322181
0.0859335
0.0923896
0.08833
0.0991582
0.0979173
0.111939
0.11516
0.133023
0.142529
0.165617
0.183546
0.21403
0.242897
0.283465
0.325144
0.0859396
0.092411
0.0883307
0.0991919
0.097921
0.111989
0.115181
0.133103
0.142616
0.16578
0.183818
0.214442
0.243655
0.284597
0.327119
0.0859426
0.0924218
0.088331
0.0992087
0.0979228
0.112014
0.115192
0.133144
0.14266
0.165862
0.183955
0.214649
0.244035
0.285164
0.328106
0.0762089
0.0733357
0.0704416
0.0665637
0.0617092
0.055303
0.0477493
0.0390961
0.0296942
0.0197174
0.00945821
-0.000919741
-0.0112288
-0.021374
-0.0312852
0.076361
0.0734601
0.0706888
0.0668853
0.0621004
0.0557593
0.0482837
0.0396859
0.0303224
0.0203496
0.010066
-0.000371925
-0.0107635
-0.0209894
-0.0308794
0.0766401
0.0737024
0.0711476
0.067475
0.0628204
0.0566079
0.0492808
0.0407897
0.0314995
0.0215373
0.0112162
0.000694318
-0.00979289
-0.020138
-0.0303067
0.0770192
0.0740413
0.0717873
0.068285
0.0638155
0.0577927
0.0506804
0.0423466
0.033167
0.0232307
0.0128651
0.00221677
-0.00846837
-0.0190516
-0.0293058
0.0774691
0.074464
0.072579
0.0692668
0.0650394
0.059264
0.0524312
0.0443046
0.0352773
0.025385
0.0149748
0.00418809
-0.00668427
-0.0174896
-0.0280912
0.0779641
0.074968
0.0734927
0.0703641
0.0664527
0.0609773
0.0544872
0.0466186
0.0377904
0.0279672
0.0175231
0.00658273
-0.00452554
-0.0156336
-0.026481
0.0784815
0.0755491
0.0744941
0.0715357
0.0680218
0.0628889
0.0568054
0.0492476
0.0406704
0.0309487
0.0204878
0.00938734
-0.00197373
-0.0134053
-0.0246439
0.0790023
0.0762016
0.0755498
0.0727536
0.0697155
0.0649539
0.0593462
0.0521527
0.0438848
0.0343045
0.0238547
0.0125931
0.000949797
-0.0108667
-0.0224781
0.0795115
0.0769195
0.076628
0.0740007
0.0715022
0.0671284
0.0620724
0.0552945
0.0474027
0.038012
0.0276117
0.0161979
0.00426513
-0.00796433
-0.0200637
0.079998
0.077696
0.0776994
0.0752666
0.0733494
0.0693747
0.0649495
0.0586319
0.051195
0.0420498
0.0317484
0.0202004
0.00796892
-0.00472405
-0.0173398
0.0804545
0.0785227
0.078739
0.0765448
0.0752237
0.0716635
0.0679433
0.0621233
0.0552326
0.0463948
0.0362537
0.0245995
0.0120736
-0.0011121
-0.0143204
0.0808774
0.0793896
0.0797268
0.0778319
0.0770923
0.0739745
0.0710186
0.0657287
0.0594865
0.0510201
0.0411165
0.0293955
0.0165874
0.00287474
-0.0109729
0.0812659
0.080286
0.0806486
0.0791251
0.0789249
0.0762936
0.0741372
0.0694128
0.0639259
0.0558946
0.0463257
0.0345879
0.0215226
0.00726142
-0.00728476
0.0816221
0.081199
0.0814956
0.0804219
0.0806957
0.0786109
0.0772592
0.0731475
0.0685159
0.0609845
0.0518698
0.0401736
0.0268906
0.0120646
-0.00323073
0.0819499
0.0821141
0.0822636
0.081719
0.0823846
0.0809182
0.0803456
0.0769119
0.0732166
0.0662557
0.0577346
0.0461442
0.0327044
0.017308
0.00121142
0.0822543
0.0830171
0.0829515
0.0830128
0.0839777
0.0832079
0.0833609
0.0806907
0.0779829
0.071678
0.0638996
0.0524859
0.0389794
0.0230122
0.00606627
0.082541
0.0838944
0.0835609
0.0842983
0.0854665
0.0854714
0.086276
0.0844711
0.0827659
0.0772267
0.0703342
0.0591817
0.0457344
0.0291975
0.0113569
0.082814
0.0847299
0.0841001
0.0855689
0.0868468
0.0876995
0.0890696
0.0882395
0.0875171
0.0828825
0.0769955
0.0662158
0.0529878
0.03588
0.0171083
0.0830749
0.0855124
0.0845819
0.0868119
0.088118
0.0898819
0.0917277
0.0919807
0.0921935
0.0886286
0.08383
0.0735768
0.0607505
0.043076
0.0233516
0.0833243
0.0862362
0.0850184
0.0880111
0.0892836
0.0920071
0.0942427
0.0956773
0.0967606
0.0944466
0.0907784
0.0812581
0.0690172
0.0508053
0.0301316
0.0835623
0.0868995
0.0854179
0.0891505
0.090354
0.0940589
0.0966104
0.0993089
0.101194
0.100314
0.0977829
0.0892543
0.077761
0.0590937
0.0375128
0.0837888
0.0875026
0.0857857
0.0902205
0.0913405
0.0960194
0.09883
0.10285
0.105476
0.106201
0.104794
0.0975569
0.0869355
0.0679773
0.0455741
0.0840038
0.0880475
0.0861254
0.0912164
0.092252
0.0978721
0.100909
0.10627
0.109593
0.11207
0.111773
0.106152
0.0964797
0.0774958
0.0543994
0.084207
0.0885372
0.0864396
0.0921367
0.0930942
0.0996065
0.102856
0.109541
0.113532
0.117871
0.118686
0.115018
0.106327
0.08768
0.0640443
0.0843984
0.0889756
0.0867302
0.0929821
0.0938714
0.101218
0.104676
0.112637
0.117289
0.123542
0.125501
0.124116
0.116423
0.0985524
0.0744761
0.0845781
0.0893668
0.0869986
0.0937551
0.094587
0.102707
0.106375
0.115545
0.120864
0.129028
0.132191
0.133381
0.126747
0.110153
0.085552
0.0847461
0.089715
0.0872463
0.0944595
0.0952454
0.104077
0.107958
0.118257
0.124261
0.134287
0.138741
0.142723
0.137332
0.122604
0.0969713
0.0849028
0.0900235
0.0874756
0.0950984
0.0958525
0.105333
0.109432
0.120777
0.12749
0.139286
0.145145
0.152028
0.14822
0.136181
0.108369
0.0850484
0.0902952
0.0876866
0.0956724
0.0964077
0.106472
0.110792
0.123091
0.130521
0.143972
0.151323
0.161105
0.159292
0.151299
0.119866
0.0851795
0.0905378
0.0878654
0.0961854
0.0968754
0.107485
0.111958
0.125149
0.133185
0.148212
0.156969
0.169697
0.170157
0.168064
0.134495
-0.0372523
-0.0391561
-0.0409501
-0.0429075
-0.0450402
-0.0472606
-0.0494947
-0.0517134
-0.0539191
-0.0561234
-0.0583336
-0.0605509
-0.0627728
-0.064996
-0.067218
-0.0694369
-0.0716512
-0.0738597
-0.0760662
-0.0782711
-0.0368665
-0.0388225
-0.0406994
-0.042706
-0.0448544
-0.047077
-0.0493142
-0.0515424
-0.0537636
-0.0559873
-0.0582196
-0.0604613
-0.0627097
-0.064962
-0.0672159
-0.0694698
-0.0717226
-0.073973
-0.0762218
-0.0784674
-0.036415
-0.0383728
-0.0402589
-0.0423024
-0.0445021
-0.0467765
-0.0490621
-0.0513375
-0.0536075
-0.055883
-0.0581696
-0.0604672
-0.0627725
-0.0650823
-0.067394
-0.0697056
-0.072015
-0.0743201
-0.0766254
-0.0789304
-0.0355084
-0.0375631
-0.0396008
-0.0417704
-0.0440571
-0.0463947
-0.0487374
-0.0510742
-0.0534122
-0.0557602
-0.0581213
-0.0604935
-0.0628735
-0.0652581
-0.0676452
-0.0700331
-0.0724196
-0.074802
-0.0771861
-0.079571
-0.0344874
-0.0366446
-0.0388401
-0.0411535
-0.0435433
-0.0459542
-0.0483632
-0.0507741
-0.0531968
-0.0556361
-0.0580904
-0.0605554
-0.0630277
-0.065505
-0.0679857
-0.0704681
-0.0729501
-0.0754293
-0.0779106
-0.0803928
-0.0330412
-0.035411
-0.0379211
-0.040461
-0.0429714
-0.0454516
-0.0479287
-0.0504267
-0.0529531
-0.0555031
-0.058068
-0.0606414
-0.0632205
-0.0658045
-0.0683926
-0.0709838
-0.0735773
-0.0761754
-0.0787747
-0.0813719
-0.0314747
-0.0340474
-0.0368477
-0.0396121
-0.0422579
-0.0448284
-0.0473963
-0.050004
-0.052656
-0.0553371
-0.0580318
-0.0607321
-0.0634366
-0.0661461
-0.0688608
-0.0715795
-0.0743006
-0.0770264
-0.0797546
-0.0824817
-0.0295639
-0.0323991
-0.0355726
-0.0386098
-0.0414104
-0.0440835
-0.0467587
-0.0494977
-0.0522978
-0.0551312
-0.0579747
-0.0608194
-0.0636659
-0.0665171
-0.0693739
-0.072235
-0.0750985
-0.0779681
-0.0808415
-0.0837145
-0.0274944
-0.0305886
-0.0341213
-0.0374346
-0.0404057
-0.0432023
-0.0460079
-0.0489014
-0.0518719
-0.054878
-0.057889
-0.0608956
-0.0639012
-0.0669109
-0.0699264
-0.072946
-0.0759677
-0.0789966
-0.0820305
-0.0850646
-0.0251131
-0.0285086
-0.0324624
-0.0360914
-0.0392518
-0.0421856
-0.0451396
-0.0482103
-0.0513748
-0.0545751
-0.0577729
-0.0609593
-0.0641411
-0.067326
-0.0705165
-0.0737104
-0.0769052
-0.0801085
-0.083318
-0.086528
-0.0225017
-0.0262155
-0.0306095
-0.0345739
-0.0379405
-0.0410292
-0.0441535
-0.0474262
-0.0508091
-0.0542257
-0.0576296
-0.0610135
-0.0643886
-0.0677657
-0.0711477
-0.0745315
-0.0779138
-0.0813059
-0.0847056
-0.0881059
-0.0195818
-0.0236535
-0.0285447
-0.0328824
-0.036474
-0.0397331
-0.0430488
-0.0465497
-0.0501773
-0.0538331
-0.0574629
-0.0610625
-0.0646488
-0.0682355
-0.0718257
-0.0754151
-0.078999
-0.0825943
-0.0861989
-0.0898041
-0.0163765
-0.0208389
-0.0262702
-0.0310128
-0.0348482
-0.0382956
-0.0418274
-0.0455856
-0.0494857
-0.0534047
-0.0572808
-0.0611148
-0.0649305
-0.0687449
-0.0725607
-0.0763714
-0.08017
-0.0839821
-0.0878067
-0.091632
-0.0128431
-0.0177407
-0.0237739
-0.0289621
-0.0330617
-0.0367163
-0.0404911
-0.0445385
-0.0487412
-0.0529483
-0.0570922
-0.0611809
-0.0652462
-0.0693077
-0.0733658
-0.0774106
-0.0814339
-0.085476
-0.089536
-0.0935963
-0.0089758
-0.0143539
-0.0210495
-0.0267239
-0.03111
-0.0349943
-0.0390436
-0.0434152
-0.0479517
-0.0524716
-0.0569036
-0.0612674
-0.0656066
-0.0699465
-0.0742864
-0.0786053
-0.0828594
-0.0871397
-0.091443
-0.0957426
-0.00474306
-0.0106532
-0.018082
-0.0242895
-0.0289881
-0.0331293
-0.0374897
-0.0422255
-0.0471295
-0.051987
-0.0567241
-0.0613717
-0.0659805
-0.0705751
-0.0751576
-0.0797359
-0.0843726
-0.0889847
-0.0935549
-0.0980934
-0.000124558
-0.00661874
-0.0148539
-0.0216449
-0.0266868
-0.0311188
-0.0358348
-0.040981
-0.0462923
-0.0515202
-0.0565947
-0.0615655
-0.0664972
-0.0714176
-0.0763231
-0.0812059
-0.0860964
-0.0909694
-0.0958103
-0.100617
0.00491077
-0.00222134
-0.0113419
-0.0187717
-0.0241932
-0.0289571
-0.034081
-0.0396908
-0.0454529
-0.0510845
-0.0565246
-0.0618446
-0.0671193
-0.072373
-0.0775961
-0.0827789
-0.0879654
-0.0931362
-0.0982727
-0.103367
0.0103911
0.00256567
-0.00752166
-0.0156476
-0.0214876
-0.0266318
-0.0322257
-0.0383587
-0.0446167
-0.0506845
-0.0565194
-0.0622196
-0.0678699
-0.0734891
-0.079059
-0.0845662
-0.0900696
-0.0955554
-0.101
-0.10639
0.0163466
0.00776507
-0.00337296
-0.0122485
-0.0185459
-0.0241278
-0.0302667
-0.0369911
-0.0437927
-0.0503313
-0.0565957
-0.0627157
-0.0687811
-0.0747994
-0.0807416
-0.0865891
-0.0924281
-0.0982494
-0.104019
-0.109716
0.0228027
0.0133865
0.00111574
-0.00854986
-0.0153404
-0.0214311
-0.0282062
-0.0355964
-0.0429875
-0.0500319
-0.0567669
-0.0633548
-0.0698807
-0.0763328
-0.0826671
-0.0888686
-0.0950683
-0.101251
-0.107362
-0.113375
0.0297786
0.0194264
0.00595126
-0.0045216
-0.0118404
-0.0185318
-0.0260508
-0.0341808
-0.0422013
-0.049786
-0.0570389
-0.0641511
-0.0712015
-0.0781665
-0.0849859
-0.0915508
-0.0981286
-0.104677
-0.11112
-0.117441
0.0372838
0.0258736
0.0111492
-0.000120225
-0.00801414
-0.0154285
-0.0238117
-0.0327493
-0.0414342
-0.0496013
-0.0574225
-0.0650854
-0.0726222
-0.07999
-0.0872048
-0.0944976
-0.101633
-0.108566
-0.115328
-0.121952
0.045312
0.0327265
0.0167586
0.00472426
-0.00382444
-0.0121198
-0.021491
-0.0312904
-0.0406771
-0.0494952
-0.0579859
-0.0663216
-0.0744998
-0.0824667
-0.0902187
-0.0979177
-0.105472
-0.112821
-0.119962
-0.126924
0.0538218
0.0399943
0.0228641
0.0101028
0.000769113
-0.0086006
-0.01908
-0.0297867
-0.0399263
-0.0494892
-0.058755
-0.0678415
-0.0766953
-0.0852533
-0.0935177
-0.101715
-0.109768
-0.117579
-0.125124
-0.132433
0.0627153
0.0476744
0.0295646
0.016122
0.00582994
-0.00482022
-0.0165013
-0.0281409
-0.0390944
-0.0495094
-0.0596546
-0.0695658
-0.0791536
-0.0883574
-0.0972137
-0.106008
-0.114618
-0.122911
-0.130868
-0.138536
0.0717894
0.0556797
0.0368807
0.022806
0.0113231
-0.000838264
-0.0138014
-0.0264135
-0.0382886
-0.0497006
-0.0608488
-0.0717039
-0.0821842
-0.0922277
-0.101692
-0.111079
-0.120213
-0.128948
-0.137302
-0.145336
0.0807496
0.0638826
0.0449296
0.0303735
0.0174953
0.00368602
-0.010542
-0.0241608
-0.0370987
-0.049643
-0.0618473
-0.0735937
-0.0848042
-0.0955743
-0.106372
-0.116708
-0.12643
-0.135624
-0.144402
-0.152826
0.0889942
0.0714648
0.0529825
0.0380244
0.0234516
0.00792866
-0.00752597
-0.0222717
-0.0364771
-0.0503337
-0.0638077
-0.0768031
-0.0892214
-0.100945
-0.112339
-0.123206
-0.133417
-0.143053
-0.152237
-0.161024
0.0969093
0.0795262
0.0626696
0.0472055
0.0309765
0.0141268
-0.00240113
-0.018379
-0.0339414
-0.0491082
-0.0638125
-0.0780253
-0.0917722
-0.105066
-0.118011
-0.129987
-0.14097
-0.151204
-0.160867
-0.170023
-0.0804713
-0.0826635
-0.0848452
-0.0870154
-0.0891738
-0.09132
-0.0934533
-0.095573
-0.0976782
-0.0997684
-0.101843
-0.103901
-0.105942
-0.107965
-0.10997
-0.111957
-0.113926
-0.115875
-0.117806
-0.119722
-0.0807071
-0.0829387
-0.085161
-0.087373
-0.0895738
-0.0917626
-0.0939381
-0.0960994
-0.0982454
-0.100375
-0.102488
-0.104582
-0.106657
-0.108713
-0.110748
-0.112762
-0.114754
-0.116724
-0.118673
-0.120604
-0.0812316
-0.0835255
-0.0858095
-0.0880824
-0.0903434
-0.0925915
-0.0948258
-0.097045
-0.0992482
-0.101434
-0.103602
-0.10575
-0.107879
-0.109987
-0.112073
-0.114137
-0.116179
-0.118199
-0.120198
-0.122186
-0.0819525
-0.0843264
-0.0866903
-0.089043
-0.0913838
-0.0937117
-0.0960257
-0.0983246
-0.100607
-0.102872
-0.105119
-0.107347
-0.109554
-0.11174
-0.113905
-0.116047
-0.118167
-0.120265
-0.122346
-0.124422
-0.0828716
-0.0853431
-0.087805
-0.0902559
-0.0926952
-0.0951218
-0.0975346
-0.0999325
-0.102314
-0.104679
-0.107025
-0.109352
-0.111659
-0.113945
-0.116209
-0.118452
-0.120673
-0.122873
-0.12506
-0.127251
-0.0839642
-0.086549
-0.0891247
-0.0916902
-0.0942446
-0.0967867
-0.0993153
-0.101829
-0.104328
-0.106809
-0.109273
-0.111718
-0.114144
-0.116549
-0.118934
-0.121298
-0.123642
-0.125967
-0.128284
-0.130615
-0.0852042
-0.0879193
-0.0906255
-0.0933218
-0.0960075
-0.0986814
-0.101343
-0.10399
-0.106622
-0.109237
-0.111836
-0.114418
-0.11698
-0.119524
-0.122048
-0.124553
-0.12704
-0.129511
-0.131979
-0.134475
-0.0865831
-0.0894442
-0.0922964
-0.0951389
-0.0979712
-0.100792
-0.103601
-0.106397
-0.109178
-0.111944
-0.114695
-0.117428
-0.120145
-0.122844
-0.125525
-0.128188
-0.130836
-0.133472
-0.136112
-0.138792
-0.0880942
-0.0911159
-0.0941285
-0.0971316
-0.100125
-0.103107
-0.106079
-0.109037
-0.111983
-0.114914
-0.11783
-0.120732
-0.123617
-0.126487
-0.129341
-0.132179
-0.135005
-0.137823
-0.140651
-0.143536
-0.0897329
-0.0929294
-0.0961163
-0.0992936
-0.102461
-0.105619
-0.108766
-0.111901
-0.115024
-0.118133
-0.12123
-0.124313
-0.127382
-0.130436
-0.133478
-0.136506
-0.139524
-0.142539
-0.145574
-0.14868
-0.0915003
-0.094885
-0.0982593
-0.101624
-0.104979
-0.108324
-0.111659
-0.114983
-0.118296
-0.121596
-0.124885
-0.128162
-0.131427
-0.13468
-0.137921
-0.141152
-0.144377
-0.147603
-0.150857
-0.1542
-0.0934018
-0.0969878
-0.100562
-0.104125
-0.107679
-0.111224
-0.114758
-0.118282
-0.121796
-0.125299
-0.128791
-0.132273
-0.135745
-0.139206
-0.142659
-0.146105
-0.149547
-0.152997
-0.156482
-0.160074
-0.0954473
-0.0992476
-0.103033
-0.106807
-0.110571
-0.114325
-0.118069
-0.121803
-0.125528
-0.129242
-0.132948
-0.136644
-0.140331
-0.14401
-0.147683
-0.151351
-0.155021
-0.158703
-0.16243
-0.166283
-0.0976421
-0.101668
-0.105677
-0.109672
-0.113656
-0.11763
-0.121593
-0.125547
-0.129491
-0.133425
-0.137351
-0.141269
-0.145181
-0.149086
-0.152986
-0.156883
-0.160785
-0.164705
-0.16868
-0.1728
-0.100023
-0.104282
-0.108522
-0.112747
-0.116959
-0.12116
-0.125349
-0.129529
-0.133698
-0.137858
-0.142009
-0.146154
-0.150293
-0.154428
-0.158561
-0.162694
-0.166834
-0.170995
-0.175219
-0.179608
-0.10261
-0.107107
-0.111586
-0.116048
-0.120494
-0.124927
-0.129348
-0.133757
-0.138156
-0.142546
-0.146928
-0.151302
-0.15567
-0.160033
-0.164395
-0.168761
-0.173141
-0.177548
-0.182025
-0.186683
-0.105394
-0.110145
-0.114873
-0.11958
-0.124269
-0.12894
-0.133596
-0.138239
-0.142869
-0.14749
-0.152103
-0.15671
-0.161312
-0.165908
-0.170498
-0.175088
-0.179691
-0.184331
-0.189058
-0.193985
-0.108419
-0.113434
-0.118417
-0.123376
-0.128311
-0.133226
-0.138122
-0.143
-0.147863
-0.152711
-0.157547
-0.162376
-0.167201
-0.172027
-0.176854
-0.181678
-0.186505
-0.191359
-0.196304
-0.201479
-0.111724
-0.117009
-0.122254
-0.127466
-0.132648
-0.137806
-0.142939
-0.148052
-0.153147
-0.158227
-0.163288
-0.168333
-0.17336
-0.178382
-0.183408
-0.18845
-0.193512
-0.198601
-0.203766
-0.209161
-0.115339
-0.120899
-0.126409
-0.131878
-0.137308
-0.142705
-0.148069
-0.153406
-0.158718
-0.164016
-0.169297
-0.174571
-0.179819
-0.185044
-0.190237
-0.195428
-0.200644
-0.205928
-0.211321
-0.216947
-0.119294
-0.125135
-0.130913
-0.13664
-0.142317
-0.147953
-0.153544
-0.1591
-0.164612
-0.170101
-0.175555
-0.181011
-0.186452
-0.191907
-0.197323
-0.202711
-0.208047
-0.213419
-0.218917
-0.224727
-0.123653
-0.129775
-0.135819
-0.141798
-0.147712
-0.153576
-0.159383
-0.165155
-0.170868
-0.176555
-0.182165
-0.187758
-0.19328
-0.198844
-0.204388
-0.210008
-0.215568
-0.221137
-0.226704
-0.232585
-0.128458
-0.13486
-0.141166
-0.147388
-0.153525
-0.159598
-0.165593
-0.17155
-0.177436
-0.183316
-0.189107
-0.194902
-0.20054
-0.206184
-0.211659
-0.217269
-0.222836
-0.228632
-0.23439
-0.240441
-0.133733
-0.140414
-0.146976
-0.153434
-0.159786
-0.166051
-0.172215
-0.178316
-0.184315
-0.190302
-0.196187
-0.202145
-0.207954
-0.213866
-0.219444
-0.225116
-0.230408
-0.236078
-0.241683
-0.247955
-0.139548
-0.1465
-0.153304
-0.159977
-0.166522
-0.172957
-0.179272
-0.185498
-0.191589
-0.197622
-0.203486
-0.209395
-0.215116
-0.221105
-0.226806
-0.232893
-0.238289
-0.244093
-0.249202
-0.255428
-0.145963
-0.15318
-0.160207
-0.167064
-0.173763
-0.18032
-0.186739
-0.193047
-0.19922
-0.205307
-0.2112
-0.217042
-0.222562
-0.228236
-0.233502
-0.239469
-0.244815
-0.251257
-0.256367
-0.262932
-0.153083
-0.160564
-0.167798
-0.174808
-0.181613
-0.188231
-0.194679
-0.200979
-0.207141
-0.213205
-0.219136
-0.225014
-0.230618
-0.236217
-0.241181
-0.246559
-0.250976
-0.257115
-0.261754
-0.269323
-0.160914
-0.168674
-0.176121
-0.18328
-0.190173
-0.196823
-0.203248
-0.209469
-0.215506
-0.22139
-0.22715
-0.23285
-0.238463
-0.244134
-0.249463
-0.254981
-0.259277
-0.26479
-0.267928
-0.275814
-0.169425
-0.177449
-0.185104
-0.192409
-0.199383
-0.206046
-0.212417
-0.218511
-0.224344
-0.229927
-0.235288
-0.240456
-0.245501
-0.250534
-0.255606
-0.261032
-0.266167
-0.272242
-0.275902
-0.284005
-0.178685
-0.186874
-0.194623
-0.201943
-0.208847
-0.215354
-0.221485
-0.227261
-0.2327
-0.237815
-0.242615
-0.247106
-0.251317
-0.255278
-0.259125
-0.263059
-0.267374
-0.272678
-0.277888
-0.286491
-0.122872
-0.127321
-0.131852
-0.136424
-0.140982
-0.14549
-0.149888
-0.154132
-0.158141
-0.161847
-0.165139
-0.167924
-0.17006
-0.171434
-0.171878
-0.171269
-0.169426
-0.166236
-0.161522
-0.155209
-0.147156
-0.137384
-0.125834
-0.112666
-0.0979211
-0.081911
-0.0647545
-0.0468504
-0.0283036
-0.00947371
-0.123803
-0.12833
-0.132931
-0.137565
-0.142184
-0.146753
-0.151215
-0.155523
-0.159596
-0.163362
-0.166709
-0.169543
-0.171717
-0.173118
-0.173572
-0.172957
-0.171085
-0.167844
-0.163051
-0.156634
-0.148449
-0.138524
-0.1268
-0.113451
-0.0985233
-0.0823449
-0.0650379
-0.0470164
-0.0283792
-0.00949645
-0.125503
-0.130196
-0.134936
-0.139692
-0.144426
-0.149111
-0.153693
-0.158125
-0.162318
-0.166201
-0.169653
-0.172578
-0.174824
-0.176276
-0.176753
-0.176128
-0.174205
-0.170868
-0.165928
-0.159313
-0.150878
-0.14066
-0.128609
-0.114915
-0.099643
-0.0831455
-0.0655585
-0.0473151
-0.0285146
-0.00953317
-0.12791
-0.132836
-0.137774
-0.142703
-0.1476
-0.152451
-0.157206
-0.161813
-0.16618
-0.170229
-0.173833
-0.176889
-0.179243
-0.180769
-0.18128
-0.18064
-0.178645
-0.175169
-0.170017
-0.163116
-0.154321
-0.143679
-0.131154
-0.116965
-0.101199
-0.0842462
-0.0662634
-0.0477098
-0.0286878
-0.00957695
-0.130955
-0.136173
-0.14136
-0.146507
-0.151611
-0.156673
-0.161646
-0.166477
-0.171067
-0.175328
-0.179126
-0.182354
-0.184846
-0.186471
-0.187029
-0.186374
-0.184287
-0.180635
-0.175209
-0.167937
-0.158675
-0.147484
-0.134345
-0.119516
-0.103115
-0.0855801
-0.0670985
-0.0481615
-0.0288753
-0.00962064
-0.134578
-0.140142
-0.145623
-0.151027
-0.156377
-0.16169
-0.166925
-0.172025
-0.176882
-0.1814
-0.185436
-0.188874
-0.191538
-0.193287
-0.193908
-0.193239
-0.191046
-0.18718
-0.181422
-0.173695
-0.163858
-0.151993
-0.138102
-0.12249
-0.105318
-0.087083
-0.0680107
-0.048631
-0.0290536
-0.00965711
-0.138732
-0.14469
-0.150503
-0.156199
-0.161828
-0.167429
-0.172964
-0.178375
-0.183543
-0.188362
-0.192678
-0.196366
-0.199239
-0.201142
-0.201844
-0.201166
-0.198852
-0.194737
-0.188588
-0.180324
-0.169805
-0.157137
-0.142355
-0.125817
-0.10774
-0.0886932
-0.068948
-0.0490796
-0.0291996
-0.00967895
-0.143376
-0.149769
-0.155948
-0.161964
-0.167901
-0.173821
-0.179694
-0.185455
-0.190976
-0.196139
-0.20078
-0.20476
-0.207881
-0.20997
-0.210776
-0.210097
-0.207652
-0.203256
-0.196656
-0.187769
-0.176458
-0.162858
-0.14704
-0.129433
-0.110319
-0.0903512
-0.0698597
-0.0494693
-0.0292905
-0.0096788
-0.148475
-0.155338
-0.161909
-0.168267
-0.174536
-0.180803
-0.187047
-0.193197
-0.199112
-0.204663
-0.209673
-0.213993
-0.217404
-0.219718
-0.220656
-0.219988
-0.217405
-0.212697
-0.205587
-0.19599
-0.183772
-0.169103
-0.152103
-0.133279
-0.112994
-0.0920005
-0.0706972
-0.0497637
-0.0293048
-0.00964957
-0.153999
-0.16136
-0.168342
-0.175057
-0.181675
-0.188313
-0.194958
-0.201533
-0.207884
-0.213869
-0.219297
-0.224005
-0.227757
-0.230339
-0.231442
-0.230804
-0.22808
-0.223028
-0.215349
-0.204951
-0.191707
-0.17583
-0.157493
-0.137301
-0.11571
-0.0935874
-0.0714139
-0.049928
-0.0292225
-0.00958439
-0.159919
-0.167799
-0.175202
-0.182282
-0.18926
-0.196288
-0.203362
-0.210396
-0.217226
-0.223692
-0.229592
-0.234744
-0.238892
-0.241793
-0.243102
-0.242517
-0.239651
-0.234228
-0.225919
-0.214626
-0.200233
-0.182999
-0.163166
-0.141448
-0.118413
-0.0950614
-0.0719662
-0.0499299
-0.0290251
-0.00947663
-0.166209
-0.174619
-0.182444
-0.189886
-0.19723
-0.204662
-0.21219
-0.21972
-0.227071
-0.23407
-0.240499
-0.246158
-0.250765
-0.254045
-0.255608
-0.255106
-0.252101
-0.24628
-0.237279
-0.224994
-0.209321
-0.190577
-0.169081
-0.145674
-0.121055
-0.0963753
-0.0723137
-0.0497402
-0.0286953
-0.00932002
-0.172843
-0.181784
-0.190021
-0.197814
-0.205519
-0.213367
-0.221373
-0.229434
-0.237352
-0.24494
-0.251962
-0.258199
-0.263338
-0.267064
-0.268938
-0.268553
-0.265419
-0.259174
-0.249417
-0.236038
-0.218951
-0.198535
-0.175202
-0.149936
-0.123591
-0.0974854
-0.0724196
-0.0493323
-0.0282179
-0.00910877
-0.179793
-0.189255
-0.19788
-0.206002
-0.21406
-0.22233
-0.230837
-0.239466
-0.248001
-0.256239
-0.263925
-0.27082
-0.276574
-0.280825
-0.283073
-0.282848
-0.279596
-0.272902
-0.262325
-0.247747
-0.229104
-0.206847
-0.181495
-0.154194
-0.125978
-0.0983519
-0.0722511
-0.0486834
-0.027579
-0.00883758
-0.187029
-0.196988
-0.205966
-0.214384
-0.222778
-0.231475
-0.240506
-0.249743
-0.258949
-0.267903
-0.276334
-0.283976
-0.290439
-0.295303
-0.297999
-0.297983
-0.294629
-0.287463
-0.275998
-0.260112
-0.239766
-0.215492
-0.187931
-0.158414
-0.128178
-0.0989386
-0.0717798
-0.0477736
-0.0267671
-0.0085018
-0.194521
-0.204936
-0.214213
-0.222884
-0.231594
-0.24072
-0.250301
-0.260188
-0.270123
-0.279867
-0.289133
-0.297624
-0.304901
-0.310477
-0.313704
-0.313951
-0.310516
-0.302855
-0.290435
-0.273127
-0.250927
-0.224452
-0.194485
-0.162562
-0.130158
-0.0992133
-0.0709817
-0.0465866
-0.0257726
-0.00809741
-0.202227
-0.213042
-0.222552
-0.231423
-0.240421
-0.249983
-0.260143
-0.270726
-0.281454
-0.29207
-0.302271
-0.311724
-0.319932
-0.326329
-0.330176
-0.330748
-0.327257
-0.319078
-0.305634
-0.28679
-0.262579
-0.233711
-0.201134
-0.16661
-0.131886
-0.0991483
-0.0698378
-0.0451094
-0.0245883
-0.00762108
-0.210097
-0.221241
-0.230901
-0.239909
-0.249172
-0.259176
-0.269947
-0.281278
-0.292867
-0.304449
-0.315698
-0.32624
-0.335507
-0.34284
-0.347405
-0.348374
-0.344854
-0.336133
-0.321595
-0.301098
-0.274718
-0.243258
-0.207861
-0.170532
-0.133337
-0.0987198
-0.0683344
-0.0433326
-0.0232094
-0.00707013
-0.21809
-0.229457
-0.239169
-0.248247
-0.257752
-0.268214
-0.279634
-0.291765
-0.304292
-0.316942
-0.329369
-0.341139
-0.351602
-0.359994
-0.365378
-0.366823
-0.363303
-0.354013
-0.338314
-0.316046
-0.287338
-0.253081
-0.214651
-0.174306
-0.134488
-0.0979087
-0.0664627
-0.0412495
-0.0216339
-0.00644246
-0.226144
-0.23761
-0.247254
-0.256334
-0.26607
-0.277014
-0.289121
-0.302106
-0.315653
-0.329486
-0.343233
-0.356382
-0.368189
-0.377763
-0.384074
-0.386077
-0.382584
-0.372702
-0.35578
-0.331625
-0.300431
-0.263168
-0.221492
-0.177911
-0.135324
-0.0967
-0.0642193
-0.0388573
-0.0198625
-0.00573644
-0.234159
-0.245589
-0.25504
-0.264065
-0.274034
-0.285489
-0.298317
-0.312211
-0.326865
-0.342006
-0.357219
-0.371901
-0.385198
-0.396079
-0.403415
-0.406033
-0.402604
-0.392127
-0.373944
-0.347802
-0.313975
-0.273499
-0.228373
-0.181328
-0.135834
-0.0950825
-0.0616064
-0.0361558
-0.0178988
-0.00495087
-0.242069
-0.253262
-0.26239
-0.27133
-0.281557
-0.293548
-0.307118
-0.321969
-0.337821
-0.354395
-0.371212
-0.387569
-0.402483
-0.414784
-0.423212
-0.42648
-0.423149
-0.412103
-0.392659
-0.364472
-0.327908
-0.284036
-0.235276
-0.184537
-0.136012
-0.0930486
-0.0586317
-0.0331486
-0.0157491
-0.00408491
-0.2498
-0.260478
-0.269156
-0.278023
-0.288542
-0.301073
-0.315382
-0.33123
-0.348355
-0.366466
-0.384992
-0.40313
-0.419745
-0.433538
-0.443085
-0.44701
-0.443806
-0.432259
-0.411621
-0.381407
-0.342082
-0.294695
-0.242168
-0.18751
-0.135859
-0.090594
-0.0553092
-0.0298421
-0.0134227
-0.00313816
-0.257124
-0.267018
-0.275181
-0.284038
-0.294868
-0.307895
-0.322913
-0.33977
-0.358202
-0.377894
-0.398157
-0.418101
-0.436416
-0.451699
-0.462341
-0.466893
-0.463865
-0.451955
-0.430285
-0.398194
-0.356213
-0.305311
-0.248976
-0.190208
-0.135382
-0.0877183
-0.0516608
-0.0262471
-0.0109319
-0.00211095
-0.263787
-0.272575
-0.280305
-0.289263
-0.300364
-0.313783
-0.329443
-0.34727
-0.366967
-0.388174
-0.410086
-0.431732
-0.451622
-0.468308
-0.479975
-0.48514
-0.482377
-0.470315
-0.44788
-0.414226
-0.369862
-0.315623
-0.255571
-0.192575
-0.134591
-0.084426
-0.0477161
-0.022379
-0.00829181
-0.00100456
-0.269475
-0.276848
-0.284404
-0.293553
-0.304789
-0.318452
-0.334656
-0.353345
-0.374168
-0.396715
-0.420077
-0.443205
-0.464458
-0.482368
-0.494972
-0.500823
-0.498437
-0.486469
-0.463591
-0.428819
-0.382483
-0.325291
-0.261763
-0.194537
-0.133499
-0.0807322
-0.0435161
-0.0182605
-0.00552191
0.000177904
-0.273407
-0.279574
-0.287386
-0.296697
-0.307857
-0.321623
-0.338261
-0.357659
-0.379424
-0.403104
-0.427704
-0.452096
-0.474521
-0.493485
-0.506927
-0.513529
-0.511587
-0.499905
-0.476853
-0.441426
-0.393575
-0.333967
-0.267325
-0.196013
-0.132112
-0.0766579
-0.0391084
-0.0139209
-0.00264499
0.00143125
-0.275063
-0.280641
-0.289138
-0.298431
-0.309357
-0.323168
-0.340148
-0.360116
-0.382673
-0.40733
-0.433022
-0.458539
-0.482025
-0.501941
-0.516159
-0.523482
-0.521967
-0.510648
-0.487548
-0.451809
-0.402815
-0.341388
-0.272056
-0.196956
-0.130462
-0.0722574
-0.0345587
-0.00940289
0.000310687
0.00274692
-0.275129
-0.280425
-0.289564
-0.298703
-0.309467
-0.323362
-0.340613
-0.361035
-0.384269
-0.409791
-0.43648
-0.463037
-0.487517
-0.508318
-0.52326
-0.531195
-0.530041
-0.519071
-0.49594
-0.460077
-0.41015
-0.347427
-0.275766
-0.197289
-0.128519
-0.0675643
-0.0299197
-0.00475222
0.00331471
0.00411388
-0.275453
-0.280304
-0.289316
-0.298508
-0.309471
-0.323568
-0.341065
-0.361893
-0.385738
-0.412018
-0.439537
-0.466903
-0.492101
-0.513486
-0.528851
-0.537181
-0.536181
-0.525467
-0.502276
-0.466422
-0.415753
-0.352244
-0.278621
-0.197245
-0.126473
-0.0627452
-0.0252921
-3.5654e-05
0.00633113
0.00551724
-0.285835
-0.2852
-0.291097
-0.300003
-0.311196
-0.325636
-0.343523
-0.364762
-0.389009
-0.415628
-0.443377
-0.470841
-0.49599
-0.517229
-0.532361
-0.54046
-0.539252
-0.52849
-0.505113
-0.469305
-0.418224
-0.354529
-0.279784
-0.196564
-0.124521
-0.0585324
-0.0213792
0.00401571
0.00890933
0.00673605
-0.285211
-0.287328
-0.293362
-0.302961
-0.31481
-0.329871
-0.348364
-0.370176
-0.394928
-0.421897
-0.449769
-0.477071
-0.501773
-0.522312
-0.536579
-0.543726
-0.541614
-0.530015
-0.505763
-0.469263
-0.417315
-0.353233
-0.277499
-0.193387
-0.120876
-0.0538984
-0.0175354
0.00760058
0.0111322
0.00777076
-0.285249
-0.289037
-0.295623
-0.305728
-0.318164
-0.333795
-0.352832
-0.37513
-0.40027
-0.427457
-0.455334
-0.482392
-0.506621
-0.526485
-0.539959
-0.5463
-0.543292
-0.530823
-0.505627
-0.46827
-0.415237
-0.350577
-0.27357
-0.188848
-0.115982
-0.048552
-0.0132704
0.0113502
0.0134216
0.00882303
-0.286151
-0.290847
-0.298004
-0.308578
-0.321567
-0.337739
-0.357272
-0.379999
-0.405455
-0.432776
-0.460567
-0.48729
-0.510969
-0.530105
-0.542772
-0.54826
-0.544431
-0.531169
-0.505135
-0.467031
-0.41304
-0.347911
-0.26968
-0.184454
-0.111173
-0.0432836
-0.00904668
0.0150906
0.0157171
0.0098843
-0.287316
-0.292708
-0.300469
-0.311484
-0.324988
-0.341653
-0.361628
-0.384717
-0.410412
-0.437783
-0.46541
-0.491736
-0.514826
-0.533217
-0.545079
-0.549723
-0.545087
-0.531035
-0.504194
-0.465371
-0.4105
-0.344995
-0.265655
-0.180098
-0.106452
-0.038121
-0.00491637
0.0187934
0.0180014
0.0109501
-0.288732
-0.294666
-0.302988
-0.314387
-0.328348
-0.345451
-0.365801
-0.389179
-0.415029
-0.442367
-0.469758
-0.495638
-0.518116
-0.535767
-0.546845
-0.550676
-0.545261
-0.530433
-0.502799
-0.46326
-0.40755
-0.341694
-0.261298
-0.175591
-0.101645
-0.0329859
-0.000843484
0.0224565
0.0202662
0.0120148
-0.290322
-0.296683
-0.305496
-0.31722
-0.331578
-0.34905
-0.369705
-0.393291
-0.419215
-0.446445
-0.473542
-0.498943
-0.520807
-0.537737
-0.54807
-0.551124
-0.544972
-0.529391
-0.500991
-0.460752
-0.404256
-0.338059
-0.256656
-0.17096
-0.0967518
-0.0279039
0.00315941
0.0260552
0.0224953
0.0130702
-0.292014
-0.298681
-0.30791
-0.319904
-0.334595
-0.352366
-0.373251
-0.396966
-0.422878
-0.449939
-0.476703
-0.501612
-0.522877
-0.539125
-0.548764
-0.551096
-0.544242
-0.527942
-0.498807
-0.457889
-0.400674
-0.334141
-0.251808
-0.166272
-0.0918341
-0.0229402
0.00705252
0.0295528
0.0246678
0.0141074
-0.293707
-0.300576
-0.310146
-0.322359
-0.337317
-0.355313
-0.376354
-0.400121
-0.425955
-0.452796
-0.479201
-0.503623
-0.524323
-0.539945
-0.548948
-0.550627
-0.543111
-0.52613
-0.496278
-0.454716
-0.396851
-0.329982
-0.246813
-0.16157
-0.0869413
-0.0181527
0.0107975
0.0329119
0.0267623
0.0151173
-0.295291
-0.30227
-0.312133
-0.324514
-0.339674
-0.357823
-0.378943
-0.402669
-0.428455
-0.455006
-0.48103
-0.504972
-0.525148
-0.540202
-0.548646
-0.549712
-0.541611
-0.523962
-0.493511
-0.451328
-0.392826
-0.325628
-0.241738
-0.156899
-0.0821185
-0.0135926
0.0143611
0.0360972
0.0287578
0.0160906
-0.296691
-0.303673
-0.313809
-0.326319
-0.34164
-0.359875
-0.381013
-0.404682
-0.430234
-0.456522
-0.482185
-0.505694
-0.525402
-0.539955
-0.547905
-0.548434
-0.539797
-0.521523
-0.490487
-0.447651
-0.388778
-0.321144
-0.236659
-0.152306
-0.0774164
-0.00930999
0.0177118
0.0390743
0.0306338
0.017018
-0.297697
-0.304844
-0.315132
-0.327743
-0.343141
-0.361415
-0.382516
-0.40607
-0.431414
-0.457413
-0.482725
-0.505833
-0.525129
-0.539251
-0.546781
-0.546835
-0.537724
-0.51888
-0.487309
-0.443896
-0.384604
-0.316618
-0.231666
-0.147847
-0.0728921
-0.00535357
0.0208189
0.0418109
0.0323709
0.01789
-0.298284
-0.305719
-0.316086
-0.328774
-0.344215
-0.362476
-0.383499
-0.406903
-0.432015
-0.457726
-0.482708
-0.505461
-0.524405
-0.538165
-0.545344
-0.54499
-0.535464
-0.516102
-0.484054
-0.440125
-0.380451
-0.312052
-0.226892
-0.143577
-0.0686063
-0.00176785
0.0236535
0.044278
0.0339511
0.0186974
-0.298602
-0.306275
-0.316709
-0.329439
-0.344886
-0.363099
-0.384012
-0.407242
-0.432116
-0.457548
-0.482231
-0.504675
-0.523323
-0.536786
-0.543681
-0.542983
-0.533098
-0.513275
-0.480811
-0.436417
-0.376419
-0.307666
-0.222269
-0.139618
-0.0646229
0.00140822
0.0261893
0.0464515
0.0353587
0.0194309
-0.29868
-0.306555
-0.317038
-0.329787
-0.345214
-0.363352
-0.384136
-0.407184
-0.431823
-0.456997
-0.481413
-0.503593
-0.521999
-0.535225
-0.541897
-0.540836
-0.530726
-0.510501
-0.477686
-0.432878
-0.372605
-0.303549
-0.218016
-0.135967
-0.0610097
0.00414282
0.028403
0.0483135
0.0365809
0.020082
-0.298576
-0.306622
-0.317136
-0.329889
-0.345277
-0.363329
-0.383978
-0.406845
-0.431266
-0.456207
-0.480391
-0.502353
-0.520565
-0.533608
-0.540113
-0.538865
-0.528462
-0.507897
-0.474792
-0.429625
-0.369125
-0.299808
-0.214247
-0.132712
-0.0578408
0.00641749
0.0302751
0.0498539
0.0376081
0.0206418
-0.298364
-0.306547
-0.31708
-0.329826
-0.345169
-0.363132
-0.383653
-0.406356
-0.430585
-0.455326
-0.479319
-0.501106
-0.519168
-0.532071
-0.538453
-0.537051
-0.526434
-0.505587
-0.472254
-0.426787
-0.366108
-0.296577
-0.211058
-0.129962
-0.055181
0.00822555
0.0317911
0.0510705
0.0384337
0.0211024
-0.298121
-0.306407
-0.316948
-0.329685
-0.344984
-0.362869
-0.38328
-0.405846
-0.42992
-0.454502
-0.478346
-0.500001
-0.517953
-0.530757
-0.537052
-0.535524
-0.524766
-0.503702
-0.470201
-0.424498
-0.363687
-0.293994
-0.208553
-0.127802
-0.053105
0.00957823
0.0329398
0.0519686
0.0390541
0.021456
-0.297915
-0.30627
-0.316813
-0.329541
-0.344806
-0.362632
-0.382964
-0.405432
-0.429396
-0.453868
-0.47761
-0.499176
-0.517055
-0.529794
-0.536035
-0.534433
-0.523573
-0.502363
-0.468751
-0.422884
-0.361987
-0.292186
-0.206823
-0.126309
-0.0517011
0.0104909
0.0337089
0.0525581
0.0394678
0.021696
-0.297798
-0.306188
-0.316731
-0.329453
-0.344699
-0.362494
-0.382784
-0.405201
-0.429108
-0.453523
-0.477213
-0.498734
-0.516577
-0.529284
-0.5355
-0.53386
-0.52295
-0.501666
-0.467999
-0.422049
-0.36111
-0.291255
-0.205941
-0.125546
-0.0509953
0.0109549
0.0340926
0.0528495
0.0396745
0.0218174
)
;

boundaryField
{
    inlet
    {
        type            zeroGradient;
    }
    outlet
    {
        type            fixedValue;
        value           uniform 0;
    }
    cylinder
    {
        type            zeroGradient;
    }
    top
    {
        type            symmetryPlane;
    }
    bottom
    {
        type            symmetryPlane;
    }
    defaultFaces
    {
        type            empty;
    }
}


// ************************************************************************* //
