(0.9 0.0 -0.005) // 0
(0.6363961030678928 0.6363961030678927 -0.005) // 1
(5.5109105961630896e-17 0.9 -0.005) // 2
(-0.6363961030678927 0.6363961030678928 -0.005) // 3
(-0.9 1.1021821192326179e-16 -0.005) // 4
(-0.636396103067893 -0.6363961030678927 -0.005) // 5
(-1.6532731788489269e-16 -0.9 -0.005) // 6
(0.6363961030678927 -0.636396103067893 -0.005) // 7
(1.0 0.0 -0.005) // 8
(0.7071067811865476 0.7071067811865475 -0.005) // 9
(6.123233995736766e-17 1.0 -0.005) // 10
(-0.7071067811865475 0.7071067811865476 -0.005) // 11
(-1.0 1.2246467991473532e-16 -0.005) // 12
(-0.7071067811865477 -0.7071067811865475 -0.005) // 13
(-1.8369701987210297e-16 -1.0 -0.005) // 14
(0.7071067811865475 -0.7071067811865477 -0.005) // 15
(8 0 -0.005) // 16
(8 0.7071067811865475 -0.005) // 17
(8 4 -0.005) // 18
(0.7071067811865476 4 -0.005) // 19
(0 4 -0.005) // 20
(-0.7071067811865475 4 -0.005) // 21
(-4 4 -0.005) // 22
(-4 0.7071067811865476 -0.005) // 23
(-4 0 -0.005) // 24
(-4 -0.7071067811865475 -0.005) // 25
(-4 -4 -0.005) // 26
(-0.7071067811865477 -4 -0.005) // 27
(0 -4 -0.005) // 28
(0.7071067811865475 -4 -0.005) // 29
(8 -4 -0.005) // 30
(8 -0.7071067811865477 -0.005) // 31
(0.9 0.0 0.005) // 32
(0.6363961030678928 0.6363961030678927 0.005) // 33
(5.5109105961630896e-17 0.9 0.005) // 34
(-0.6363961030678927 0.6363961030678928 0.005) // 35
(-0.9 1.1021821192326179e-16 0.005) // 36
(-0.636396103067893 -0.6363961030678927 0.005) // 37
(-1.6532731788489269e-16 -0.9 0.005) // 38
(0.6363961030678927 -0.636396103067893 0.005) // 39
(1.0 0.0 0.005) // 40
(0.7071067811865476 0.7071067811865475 0.005) // 41
(6.123233995736766e-17 1.0 0.005) // 42
(-0.7071067811865475 0.7071067811865476 0.005) // 43
(-1.0 1.2246467991473532e-16 0.005) // 44
(-0.7071067811865477 -0.7071067811865475 0.005) // 45
(-1.8369701987210297e-16 -1.0 0.005) // 46
(0.7071067811865475 -0.7071067811865477 0.005) // 47
(8 0 0.005) // 48
(8 0.7071067811865475 0.005) // 49
(8 4 0.005) // 50
(0.7071067811865476 4 0.005) // 51
(0 4 0.005) // 52
(-0.7071067811865475 4 0.005) // 53
(-4 4 0.005) // 54
(-4 0.7071067811865476 0.005) // 55
(-4 0 0.005) // 56
(-4 -0.7071067811865475 0.005) // 57
(-4 -4 0.005) // 58
(-0.7071067811865477 -4 0.005) // 59
(0 -4 0.005) // 60
(0.7071067811865475 -4 0.005) // 61
(8 -4 0.005) // 62
(8 -0.7071067811865477 0.005) // 63
