(2.0 0.0 0) \ 0 
(1.0506439776354595 1.7018070490682369 0) \ 1 
(-0.8961472322583403 1.7879933272011157 0) \ 2 
(-1.9921756702823699 0.17673737220800284 0) \ 3 
(-1.1969201381157162 -1.602305271467661 0) \ 4 
(0.7346387354604903 -1.8601897560090508 0) \ 5 
(1.9687639012650098 -0.35209189294242277 0) \ 6 
(1.3338312007896844 1.4902665291148254 0) \ 7 
(4.0 0.0 0) \ 8 
(2.101287955270919 3.4036140981364738 0) \ 9 
(-1.7922944645166805 3.5759866544022314 0) \ 10 
(-3.9843513405647397 0.3534747444160057 0) \ 11 
(-2.3938402762314324 -3.204610542935322 0) \ 12 
(1.4692774709209806 -3.7203795120181016 0) \ 13 
(3.9375278025300195 -0.7041837858848455 0) \ 14 
(2.667662401579369 2.9805330582296508 0) \ 15 
