/*--------------------------------*- C++ -*----------------------------------*\
  =========                 |
  \\      /  F ield         | OpenFOAM: The Open Source CFD Toolbox
   \\    /   O peration     | Website:  https://openfoam.org
    \\  /    A nd           | Version:  7
     \\/     M anipulation  |
\*---------------------------------------------------------------------------*/
FoamFile
{
    version     2.0;
    format      ascii;
    class       volScalarField;
    location    "10";
    object      p;
}
// * * * * * * * * * * * * * * * * * * * * * * * * * * * * * * * * * * * * * //

dimensions      [0 2 -2 0 0 0 0];

internalField   nonuniform List<scalar> 
8500
(
-0.281225
-0.28675
-0.290611
-0.296783
-0.305756
-0.317793
-0.333138
-0.351978
-0.374577
-0.401242
-0.282451
-0.287795
-0.2916
-0.297728
-0.306672
-0.318694
-0.334049
-0.352923
-0.375554
-0.402296
-0.284811
-0.289802
-0.293495
-0.299535
-0.308415
-0.320401
-0.335762
-0.354688
-0.377359
-0.40421
-0.288134
-0.292613
-0.296141
-0.302048
-0.310821
-0.322735
-0.338072
-0.357038
-0.379719
-0.406628
-0.292188
-0.296018
-0.299329
-0.305051
-0.313666
-0.325452
-0.340704
-0.359658
-0.382287
-0.409076
-0.296701
-0.299773
-0.302816
-0.308298
-0.316691
-0.328274
-0.343343
-0.362189
-0.384693
-0.411034
-0.301392
-0.30363
-0.306356
-0.311535
-0.319627
-0.330912
-0.345672
-0.364257
-0.386594
-0.412006
-0.305995
-0.307362
-0.309719
-0.314523
-0.322221
-0.333096
-0.347401
-0.365509
-0.387681
-0.4116
-0.310282
-0.310783
-0.312717
-0.317068
-0.324262
-0.334596
-0.348294
-0.365655
-0.387641
-0.409654
-0.314074
-0.313739
-0.315236
-0.319032
-0.325595
-0.33524
-0.34819
-0.364557
-0.386024
-0.406629
-0.317256
-0.316181
-0.317187
-0.320341
-0.326143
-0.334934
-0.346973
-0.362199
-0.382817
-0.401913
-0.319774
-0.318087
-0.318573
-0.320997
-0.325898
-0.333666
-0.344641
-0.358523
-0.37824
-0.39546
-0.321627
-0.319484
-0.319445
-0.321063
-0.324932
-0.331511
-0.341277
-0.353661
-0.372399
-0.387628
-0.322862
-0.320439
-0.319893
-0.320655
-0.323383
-0.328629
-0.337049
-0.347883
-0.365489
-0.378881
-0.323562
-0.321037
-0.320024
-0.319916
-0.321437
-0.325253
-0.332206
-0.341553
-0.357846
-0.369752
-0.323834
-0.321372
-0.319951
-0.319001
-0.319301
-0.321662
-0.32706
-0.335103
-0.349884
-0.360792
-0.323801
-0.32154
-0.319779
-0.318051
-0.317183
-0.31815
-0.321956
-0.329012
-0.341951
-0.352861
-0.323599
-0.321636
-0.319603
-0.317195
-0.315272
-0.314992
-0.317229
-0.323787
-0.334225
-0.34633
-0.32338
-0.321761
-0.319517
-0.316545
-0.31373
-0.312412
-0.313164
-0.31986
-0.327078
-0.34163
-0.323306
-0.322027
-0.319618
-0.31621
-0.312701
-0.31057
-0.310031
-0.317091
-0.321133
-0.339944
-0.323543
-0.322558
-0.320013
-0.316301
-0.312304
-0.30956
-0.308193
-0.314569
-0.317079
-0.340333
-0.324254
-0.323462
-0.320817
-0.316916
-0.312622
-0.30941
-0.307648
-0.312061
-0.315685
-0.330146
-0.325571
-0.324842
-0.322112
-0.318114
-0.31367
-0.310078
-0.307945
-0.310454
-0.313886
-0.32195
-0.327585
-0.326773
-0.323935
-0.31989
-0.315368
-0.311414
-0.308735
-0.309677
-0.311605
-0.315946
-0.330337
-0.329281
-0.326286
-0.322187
-0.317559
-0.313181
-0.309863
-0.30931
-0.309251
-0.310587
-0.333828
-0.332341
-0.329154
-0.324924
-0.320064
-0.315194
-0.311187
-0.309059
-0.306752
-0.305647
-0.338054
-0.335962
-0.332489
-0.328028
-0.322754
-0.317389
-0.312552
-0.308645
-0.304139
-0.300765
-0.342985
-0.340156
-0.336296
-0.331447
-0.325621
-0.319735
-0.313778
-0.307936
-0.301316
-0.295903
-0.348622
-0.344948
-0.340616
-0.335167
-0.328767
-0.322146
-0.314726
-0.306853
-0.298253
-0.290981
-0.354998
-0.350389
-0.345498
-0.339245
-0.332268
-0.3245
-0.315308
-0.305369
-0.294919
-0.285944
-0.362158
-0.356553
-0.350974
-0.34382
-0.336078
-0.326681
-0.315475
-0.303474
-0.291298
-0.28074
-0.370149
-0.363511
-0.357062
-0.349027
-0.340061
-0.328588
-0.315199
-0.301163
-0.287373
-0.27532
-0.379005
-0.371298
-0.363793
-0.354862
-0.344055
-0.330136
-0.314454
-0.298428
-0.283119
-0.26964
-0.388731
-0.379894
-0.371223
-0.361154
-0.347896
-0.331244
-0.31321
-0.29525
-0.278503
-0.263651
-0.399294
-0.389216
-0.379375
-0.367639
-0.351411
-0.331835
-0.311428
-0.291599
-0.273482
-0.257306
-0.410601
-0.399137
-0.38816
-0.374039
-0.354423
-0.331817
-0.309054
-0.287431
-0.268008
-0.250559
-0.422496
-0.409505
-0.397325
-0.380087
-0.356764
-0.331092
-0.306025
-0.28269
-0.262024
-0.243362
-0.434743
-0.420142
-0.40648
-0.385512
-0.358269
-0.329555
-0.302263
-0.277314
-0.255471
-0.235676
-0.447029
-0.43083
-0.415174
-0.390023
-0.358772
-0.327093
-0.297687
-0.271232
-0.248291
-0.22747
-0.458972
-0.441275
-0.42295
-0.393323
-0.358105
-0.323592
-0.292207
-0.264373
-0.24043
-0.218723
-0.470139
-0.45109
-0.429388
-0.395129
-0.356098
-0.318935
-0.285734
-0.256663
-0.231842
-0.209409
-0.480068
-0.459805
-0.434117
-0.395192
-0.352587
-0.313007
-0.278176
-0.248029
-0.222477
-0.199501
-0.488291
-0.466896
-0.436814
-0.393304
-0.347425
-0.305695
-0.269445
-0.238393
-0.212279
-0.188963
-0.494359
-0.471847
-0.437188
-0.389292
-0.340485
-0.296904
-0.259462
-0.227686
-0.201174
-0.177709
-0.497862
-0.474206
-0.43496
-0.383009
-0.331662
-0.28655
-0.248165
-0.215857
-0.189087
-0.16555
-0.498442
-0.47359
-0.429887
-0.374331
-0.320868
-0.274567
-0.235506
-0.202889
-0.176001
-0.152238
-0.495792
-0.469693
-0.42179
-0.363164
-0.308041
-0.260898
-0.22144
-0.188777
-0.161994
-0.137682
-0.489665
-0.462289
-0.410548
-0.349445
-0.293132
-0.245501
-0.205934
-0.173504
-0.147112
-0.12226
-0.479872
-0.451231
-0.396097
-0.333141
-0.276113
-0.228362
-0.189014
-0.157096
-0.131099
-0.106525
-0.466281
-0.436444
-0.378426
-0.314252
-0.256979
-0.209522
-0.170776
-0.139665
-0.113936
-0.0903558
-0.448824
-0.417918
-0.357585
-0.292817
-0.235772
-0.189085
-0.15127
-0.121078
-0.0958656
-0.0736186
-0.427488
-0.395707
-0.333676
-0.268917
-0.21261
-0.167075
-0.130466
-0.101383
-0.0770106
-0.0562936
-0.402326
-0.369932
-0.306812
-0.242638
-0.1876
-0.143508
-0.108418
-0.0806655
-0.0574324
-0.0384359
-0.373467
-0.340813
-0.277012
-0.21408
-0.160806
-0.118503
-0.0852104
-0.0590152
-0.0371757
-0.0201071
-0.341101
-0.308646
-0.244187
-0.183424
-0.132364
-0.0921939
-0.0609535
-0.0365178
-0.0162897
-0.00134849
-0.305434
-0.273589
-0.208762
-0.150749
-0.102419
-0.0647212
-0.0357617
-0.0132585
0.00514181
0.0177036
-0.266662
-0.235324
-0.171621
-0.116363
-0.0711382
-0.0362254
-0.00973589
0.0106789
0.0269218
0.0365566
-0.225064
-0.194125
-0.133032
-0.0806348
-0.0387269
-0.00684462
0.0170361
0.0351883
0.048693
0.054431
-0.180934
-0.15069
-0.0929628
-0.0438165
-0.00540891
0.0232691
0.0444332
0.0600838
0.0701372
0.0712604
-0.134556
-0.105666
-0.0516051
-0.00612017
0.0285959
0.053937
0.0722411
0.0850439
0.0913157
0.0890657
-0.0864707
-0.0594004
-0.00926156
0.0322259
0.0630719
0.0849545
0.100183
0.109716
0.112304
0.111982
-0.0371291
-0.0122367
0.0337319
0.0709655
0.0977955
0.116102
0.128037
0.13416
0.133939
0.134635
0.0130099
0.0354426
0.0770289
0.109824
0.132529
0.147158
0.155687
0.158565
0.156104
0.156107
0.0634857
0.0832407
0.120281
0.148514
0.167026
0.177907
0.18299
0.182778
0.178216
0.176664
0.113837
0.130755
0.163141
0.186748
0.201041
0.208153
0.20982
0.206645
0.199925
0.196326
0.163607
0.177585
0.205266
0.224237
0.234326
0.237692
0.236
0.229952
0.221028
0.215194
0.212347
0.223339
0.24632
0.260697
0.266644
0.266325
0.261359
0.252515
0.241355
0.233206
0.259625
0.267631
0.285977
0.29585
0.297758
0.293855
0.285718
0.274169
0.260794
0.250311
0.305036
0.310077
0.323919
0.329431
0.327442
0.320088
0.308907
0.29476
0.279221
0.266427
0.348184
0.35032
0.359844
0.361184
0.355479
0.344839
0.330765
0.314151
0.296526
0.281477
0.388693
0.388025
0.393466
0.390868
0.381664
0.367931
0.351141
0.332212
0.312604
0.295386
0.426212
0.422883
0.424519
0.418258
0.405805
0.389202
0.369895
0.348824
0.327359
0.308083
0.460415
0.45461
0.452759
0.443147
0.427726
0.408502
0.3869
0.363876
0.3407
0.319509
0.491009
0.48295
0.477967
0.465348
0.447266
0.425695
0.40204
0.377269
0.352549
0.329609
0.517732
0.507674
0.499945
0.484694
0.464285
0.44066
0.415211
0.388916
0.362835
0.338338
0.540356
0.528586
0.518525
0.501041
0.478659
0.453293
0.426326
0.398741
0.371497
0.345661
0.558688
0.545518
0.533563
0.514267
0.490284
0.463506
0.435308
0.406679
0.378487
0.351549
0.572575
0.558336
0.544944
0.524273
0.499077
0.471228
0.442098
0.412677
0.383763
0.35598
0.581898
0.566938
0.552579
0.530985
0.504974
0.476406
0.44665
0.416699
0.387297
0.358942
0.586579
0.571256
0.556412
0.534353
0.507933
0.479004
0.448934
0.418716
0.389069
0.360425
0.586579
0.571256
0.556412
0.534353
0.507933
0.479004
0.448934
0.418716
0.389069
0.360425
0.581898
0.566938
0.552579
0.530985
0.504974
0.476406
0.44665
0.416698
0.387297
0.358942
0.572575
0.558336
0.544943
0.524272
0.499077
0.471228
0.442098
0.412677
0.383763
0.35598
0.558688
0.545518
0.533563
0.514266
0.490284
0.463506
0.435308
0.406679
0.378487
0.351548
0.540356
0.528586
0.518525
0.501041
0.478659
0.453293
0.426325
0.398741
0.371497
0.345661
0.517732
0.507674
0.499945
0.484694
0.464285
0.44066
0.415211
0.388916
0.362834
0.338338
0.491009
0.482949
0.477966
0.465348
0.447266
0.425695
0.40204
0.377269
0.352549
0.329608
0.460415
0.454609
0.452759
0.443147
0.427725
0.408502
0.3869
0.363875
0.3407
0.319509
0.426211
0.422882
0.424518
0.418257
0.405805
0.389202
0.369895
0.348823
0.327359
0.308083
0.388693
0.388024
0.393465
0.390867
0.381664
0.367931
0.351141
0.332212
0.312604
0.295385
0.348183
0.35032
0.359844
0.361184
0.355479
0.344839
0.330765
0.314151
0.296526
0.281477
0.305035
0.310077
0.323919
0.329431
0.327442
0.320088
0.308907
0.29476
0.27922
0.266427
0.259625
0.26763
0.285976
0.29585
0.297757
0.293855
0.285718
0.274169
0.260794
0.250311
0.212346
0.223339
0.24632
0.260696
0.266643
0.266325
0.261359
0.252515
0.241355
0.233205
0.163607
0.177585
0.205265
0.224237
0.234326
0.237691
0.236
0.229952
0.221027
0.215193
0.113837
0.130754
0.16314
0.186748
0.20104
0.208152
0.209819
0.206645
0.199925
0.196326
0.063485
0.0832401
0.12028
0.148514
0.167026
0.177907
0.18299
0.182778
0.178216
0.176664
0.0130092
0.0354419
0.0770283
0.109823
0.132529
0.147157
0.155686
0.158565
0.156104
0.156106
-0.0371298
-0.0122374
0.0337312
0.0709649
0.097795
0.116101
0.128037
0.134159
0.133939
0.134634
-0.0864715
-0.0594012
-0.00926225
0.0322253
0.0630713
0.084954
0.100182
0.109715
0.112304
0.111982
-0.134557
-0.105667
-0.0516058
-0.00612082
0.0285953
0.0539365
0.0722406
0.0850434
0.0913152
0.0890652
-0.180935
-0.150691
-0.0929635
-0.0438172
-0.00540954
0.0232685
0.0444326
0.0600833
0.0701368
0.07126
-0.225065
-0.194126
-0.133033
-0.0806355
-0.0387275
-0.00684522
0.0170356
0.0351878
0.0486926
0.0544305
-0.266663
-0.235325
-0.171622
-0.116364
-0.0711389
-0.036226
-0.00973646
0.0106784
0.0269213
0.0365562
-0.305435
-0.27359
-0.208763
-0.15075
-0.10242
-0.0647218
-0.0357623
-0.013259
0.00514131
0.0177031
-0.341102
-0.308647
-0.244188
-0.183424
-0.132365
-0.0921945
-0.0609541
-0.0365184
-0.0162902
-0.00134898
-0.373468
-0.340814
-0.277013
-0.214081
-0.160807
-0.118504
-0.0852111
-0.0590157
-0.0371763
-0.0201076
-0.402328
-0.369933
-0.306813
-0.242638
-0.187601
-0.143509
-0.108419
-0.0806661
-0.057433
-0.0384364
-0.427489
-0.395708
-0.333677
-0.268917
-0.212611
-0.167076
-0.130467
-0.101383
-0.0770112
-0.0562942
-0.448825
-0.417919
-0.357586
-0.292818
-0.235773
-0.189086
-0.15127
-0.121079
-0.0958662
-0.0736191
-0.466282
-0.436445
-0.378427
-0.314253
-0.25698
-0.209523
-0.170777
-0.139666
-0.113937
-0.0903564
-0.479873
-0.451232
-0.396098
-0.333142
-0.276114
-0.228363
-0.189015
-0.157097
-0.131099
-0.106525
-0.489666
-0.46229
-0.410549
-0.349446
-0.293132
-0.245501
-0.205935
-0.173505
-0.147113
-0.122261
-0.495793
-0.469694
-0.421791
-0.363165
-0.308041
-0.260899
-0.221441
-0.188778
-0.161995
-0.137682
-0.498443
-0.473591
-0.429888
-0.374332
-0.320869
-0.274568
-0.235507
-0.20289
-0.176002
-0.152238
-0.497863
-0.474208
-0.434961
-0.38301
-0.331662
-0.286551
-0.248166
-0.215858
-0.189088
-0.165551
-0.49436
-0.471848
-0.437189
-0.389293
-0.340486
-0.296905
-0.259463
-0.227686
-0.201174
-0.17771
-0.488292
-0.466897
-0.436815
-0.393305
-0.347426
-0.305696
-0.269446
-0.238394
-0.21228
-0.188964
-0.480069
-0.459806
-0.434118
-0.395193
-0.352588
-0.313007
-0.278177
-0.248029
-0.222478
-0.199502
-0.47014
-0.451092
-0.429389
-0.39513
-0.356099
-0.318936
-0.285735
-0.256664
-0.231842
-0.20941
-0.458973
-0.441276
-0.422951
-0.393324
-0.358106
-0.323593
-0.292208
-0.264374
-0.240431
-0.218723
-0.44703
-0.430831
-0.415175
-0.390024
-0.358773
-0.327094
-0.297688
-0.271233
-0.248292
-0.227471
-0.434744
-0.420143
-0.406481
-0.385513
-0.35827
-0.329556
-0.302264
-0.277315
-0.255472
-0.235676
-0.422497
-0.409506
-0.397326
-0.380088
-0.356765
-0.331093
-0.306026
-0.282691
-0.262025
-0.243362
-0.410602
-0.399138
-0.388161
-0.37404
-0.354424
-0.331818
-0.309055
-0.287432
-0.268009
-0.250559
-0.399295
-0.389217
-0.379376
-0.36764
-0.351412
-0.331836
-0.311429
-0.2916
-0.273483
-0.257307
-0.388732
-0.379895
-0.371224
-0.361155
-0.347897
-0.331245
-0.313211
-0.295251
-0.278503
-0.263651
-0.379006
-0.371299
-0.363794
-0.354863
-0.344056
-0.330136
-0.314455
-0.298428
-0.283119
-0.26964
-0.37015
-0.363512
-0.357064
-0.349028
-0.340062
-0.328589
-0.3152
-0.301163
-0.287374
-0.275321
-0.362159
-0.356554
-0.350975
-0.343821
-0.336079
-0.326681
-0.315476
-0.303474
-0.291299
-0.280741
-0.354999
-0.35039
-0.345498
-0.339246
-0.332269
-0.324501
-0.315309
-0.30537
-0.294919
-0.285944
-0.348623
-0.344949
-0.340617
-0.335168
-0.328768
-0.322147
-0.314727
-0.306854
-0.298254
-0.290982
-0.342986
-0.340157
-0.336297
-0.331448
-0.325622
-0.319736
-0.313778
-0.307937
-0.301317
-0.295903
-0.338055
-0.335963
-0.33249
-0.328028
-0.322755
-0.317389
-0.312553
-0.308646
-0.30414
-0.300766
-0.333829
-0.332342
-0.329155
-0.324925
-0.320065
-0.315195
-0.311188
-0.30906
-0.306753
-0.305648
-0.330338
-0.329282
-0.326287
-0.322188
-0.31756
-0.313182
-0.309864
-0.309311
-0.309252
-0.310588
-0.327586
-0.326774
-0.323936
-0.319891
-0.315369
-0.311415
-0.308736
-0.309678
-0.311606
-0.315947
-0.325572
-0.324843
-0.322113
-0.318115
-0.313671
-0.310079
-0.307946
-0.310455
-0.313887
-0.321951
-0.324255
-0.323463
-0.320818
-0.316917
-0.312623
-0.309411
-0.307649
-0.312062
-0.315686
-0.330147
-0.323544
-0.322559
-0.320014
-0.316302
-0.312305
-0.309561
-0.308194
-0.31457
-0.31708
-0.340334
-0.323307
-0.322028
-0.319619
-0.316211
-0.312702
-0.310571
-0.310032
-0.317092
-0.321134
-0.339945
-0.323381
-0.321762
-0.319518
-0.316546
-0.313731
-0.312413
-0.313165
-0.319861
-0.327079
-0.341632
-0.3236
-0.321637
-0.319604
-0.317196
-0.315272
-0.314993
-0.31723
-0.323788
-0.334226
-0.346331
-0.323802
-0.321541
-0.31978
-0.318052
-0.317184
-0.318151
-0.321957
-0.329013
-0.341952
-0.352862
-0.323835
-0.321373
-0.319952
-0.319002
-0.319302
-0.321663
-0.327061
-0.335105
-0.349885
-0.360793
-0.323563
-0.321038
-0.320025
-0.319917
-0.321438
-0.325254
-0.332207
-0.341554
-0.357847
-0.369754
-0.322863
-0.32044
-0.319894
-0.320656
-0.323384
-0.32863
-0.33705
-0.347884
-0.365491
-0.378882
-0.321628
-0.319485
-0.319446
-0.321064
-0.324933
-0.331512
-0.341278
-0.353663
-0.372401
-0.38763
-0.319775
-0.318088
-0.318574
-0.320998
-0.325899
-0.333667
-0.344642
-0.358525
-0.378241
-0.395462
-0.317257
-0.316182
-0.317188
-0.320342
-0.326144
-0.334935
-0.346974
-0.3622
-0.382819
-0.401914
-0.314075
-0.31374
-0.315237
-0.319033
-0.325596
-0.335241
-0.348191
-0.364558
-0.386025
-0.406631
-0.310283
-0.310784
-0.312718
-0.317069
-0.324263
-0.334597
-0.348296
-0.365656
-0.387643
-0.409656
-0.305996
-0.307363
-0.30972
-0.314524
-0.322222
-0.333097
-0.347402
-0.36551
-0.387683
-0.411601
-0.301393
-0.303631
-0.306357
-0.311535
-0.319628
-0.330913
-0.345673
-0.364258
-0.386596
-0.412007
-0.296702
-0.299774
-0.302817
-0.308299
-0.316692
-0.328275
-0.343344
-0.36219
-0.384695
-0.411035
-0.292188
-0.296019
-0.299329
-0.305052
-0.313667
-0.325453
-0.340704
-0.359659
-0.382288
-0.409077
-0.288135
-0.292614
-0.296141
-0.302048
-0.310821
-0.322735
-0.338072
-0.357039
-0.37972
-0.406629
-0.284811
-0.289802
-0.293495
-0.299536
-0.308415
-0.320402
-0.335762
-0.354688
-0.37736
-0.404211
-0.282451
-0.287795
-0.2916
-0.297728
-0.306672
-0.318694
-0.334049
-0.352923
-0.375554
-0.402296
-0.281225
-0.28675
-0.290612
-0.296783
-0.305757
-0.317793
-0.333138
-0.351978
-0.374577
-0.401242
-0.431311
-0.462339
-0.493704
-0.522518
-0.547887
-0.567684
-0.581042
-0.586765
-0.584107
-0.572344
-0.550918
-0.518138
-0.471061
-0.405791
-0.320576
-0.220824
-0.118481
-0.0289563
0.0379025
0.079168
0.0977726
0.10092
0.0938849
0.0824261
0.0686537
0.0552517
0.0419516
0.0301398
0.0179258
0.00695135
-0.432663
-0.463639
-0.49503
-0.523837
-0.549179
-0.568949
-0.582252
-0.587932
-0.585254
-0.573548
-0.552259
-0.51974
-0.473043
-0.408165
-0.323128
-0.223234
-0.120511
-0.0305288
0.036714
0.0783271
0.0971413
0.100459
0.0935428
0.0821801
0.0684742
0.0551239
0.0418608
0.0300783
0.0178875
0.00693391
-0.435154
-0.466017
-0.497459
-0.526261
-0.551562
-0.571289
-0.584504
-0.590109
-0.587408
-0.575809
-0.55478
-0.52276
-0.476797
-0.412684
-0.328017
-0.227885
-0.124465
-0.0336398
0.0343532
0.076625
0.0958633
0.0995207
0.0928487
0.0816814
0.0681114
0.0548661
0.0416784
0.0299548
0.0178112
0.00689907
-0.438386
-0.469076
-0.500589
-0.529406
-0.554675
-0.574372
-0.587496
-0.593026
-0.59034
-0.57887
-0.558211
-0.526885
-0.481958
-0.41895
-0.334873
-0.234485
-0.130158
-0.0382386
0.0308572
0.0740418
0.0939158
0.0980827
0.0917872
0.0809187
0.0675598
0.054475
0.0414031
0.0297688
0.0176975
0.006847
-0.441822
-0.472311
-0.503906
-0.532792
-0.558072
-0.577787
-0.590866
-0.59635
-0.593625
-0.582437
-0.562235
-0.531746
-0.488093
-0.426487
-0.343243
-0.242679
-0.137398
-0.0441432
0.0262418
0.0705692
0.0912802
0.0961237
0.0903436
0.0798814
0.0668137
0.0539475
0.0410341
0.0295198
0.0175474
0.00677807
-0.444864
-0.475172
-0.506877
-0.535915
-0.561297
-0.581119
-0.594245
-0.59977
-0.597101
-0.586243
-0.566549
-0.536984
-0.494773
-0.43481
-0.352656
-0.252122
-0.146
-0.0511475
0.0205776
0.0662213
0.087952
0.0936336
0.0885095
0.0785632
0.06587
0.0532819
0.0405711
0.029208
0.017362
0.00669291
-0.446942
-0.477128
-0.509004
-0.538309
-0.563924
-0.583985
-0.597302
-0.60301
-0.600589
-0.590026
-0.570896
-0.542297
-0.501615
-0.44347
-0.362692
-0.262489
-0.155444
-0.0592192
0.0139517
0.0610345
0.0839454
0.0906181
0.0862868
0.0769645
0.0647297
0.0524792
0.0400155
0.0288346
0.0171429
0.00659249
-0.447551
-0.477719
-0.509866
-0.539576
-0.56559
-0.586061
-0.599752
-0.605819
-0.603777
-0.593604
-0.575085
-0.547451
-0.508323
-0.452115
-0.372989
-0.27323
-0.165598
-0.0681611
0.0064627
0.0550638
0.0792955
0.0870976
0.0836884
0.0750933
0.0633984
0.0515434
0.0393705
0.0284017
0.0168919
0.00647806
-0.446455
-0.476589
-0.509141
-0.539404
-0.566
-0.58708
-0.601357
-0.60798
-0.606456
-0.596827
-0.578977
-0.552291
-0.514696
-0.460497
-0.383017
-0.283987
-0.17631
-0.0778101
-0.00177647
0.0483833
0.0740517
0.0831056
0.0807364
0.0729641
0.0618861
0.0504812
0.0386406
0.0279125
0.0166109
0.00635106
-0.442454
-0.473684
-0.506658
-0.537563
-0.564953
-0.58683
-0.601921
-0.609319
-0.608508
-0.599578
-0.58248
-0.556736
-0.52051
-0.468179
-0.392587
-0.294769
-0.187272
-0.0879813
-0.0106407
0.0410795
0.0682749
0.0786849
0.0774604
0.070597
0.060206
0.0493015
0.0378317
0.0273711
0.0163023
0.00621306
-0.43676
-0.468788
-0.502237
-0.533965
-0.562234
-0.585148
-0.601267
-0.609673
-0.609795
-0.601728
-0.585463
-0.56063
-0.525718
-0.475239
-0.401601
-0.305236
-0.198284
-0.0985007
-0.020001
0.0332475
0.062034
0.0738851
0.0738949
0.0680156
0.0583738
0.0480148
0.0369508
0.026782
0.0159686
0.00606562
-0.429125
-0.462089
-0.495992
-0.528549
-0.557843
-0.58194
-0.599309
-0.60893
-0.610155
-0.603176
-0.58789
-0.564012
-0.530253
-0.481472
-0.409866
-0.315223
-0.209166
-0.109207
-0.0297281
0.0249867
0.055402
0.0687597
0.0700773
0.0652455
0.0564065
0.0466325
0.0360052
0.02615
0.0156121
0.00591023
-0.419888
-0.453781
-0.488067
-0.521417
-0.551782
-0.577171
-0.595954
-0.607012
-0.609487
-0.603821
-0.58964
-0.566759
-0.534064
-0.486819
-0.417269
-0.324581
-0.219763
-0.119956
-0.0397006
0.0163941
0.0484509
0.0633623
0.0660451
0.0623128
0.0543214
0.0451661
0.0350024
0.0254799
0.0152354
0.00574829
-0.409675
-0.444159
-0.478708
-0.512765
-0.544163
-0.570889
-0.591203
-0.603874
-0.608334
-0.603616
-0.590645
-0.568809
-0.537102
-0.491222
-0.423721
-0.333206
-0.229962
-0.130631
-0.0498139
0.00755843
0.0412498
0.0577453
0.0618356
0.0592427
0.0521356
0.0436268
0.0339496
0.0247765
0.0148408
0.00558101
-0.39922
-0.433624
-0.468251
-0.502872
-0.535187
-0.563219
-0.585112
-0.599472
-0.605445
-0.60245
-0.590829
-0.570095
-0.539329
-0.494663
-0.429167
-0.341027
-0.239672
-0.141129
-0.05996
-0.00142302
0.0338749
0.0519655
0.0574881
0.0560604
0.0498651
0.0420253
0.0328535
0.0240441
0.0144305
0.00540945
-0.38921
-0.422627
-0.457086
-0.49208
-0.525125
-0.554356
-0.577803
-0.593893
-0.601572
-0.600314
-0.590126
-0.570547
-0.540693
-0.497142
-0.433558
-0.347942
-0.248745
-0.151272
-0.0699701
-0.0104142
0.0264218
0.0460863
0.0530436
0.0527927
0.0475261
0.0403714
0.0317201
0.0232863
0.0140064
0.00523437
-0.380154
-0.41159
-0.445588
-0.480728
-0.514269
-0.544531
-0.569437
-0.587236
-0.596717
-0.597176
-0.588472
-0.570085
-0.541125
-0.498602
-0.436835
-0.353809
-0.257022
-0.160924
-0.0797461
-0.0193469
0.0189336
0.0401381
0.0485241
0.0494605
0.0451349
0.0386759
0.0305561
0.0225072
0.0135703
0.00505651
-0.372286
-0.400889
-0.434145
-0.469144
-0.502905
-0.533978
-0.560206
-0.579646
-0.590939
-0.593079
-0.585866
-0.568684
-0.540635
-0.499153
-0.439263
-0.359019
-0.265019
-0.170622
-0.0897296
-0.0285119
0.0112468
0.034047
0.0439032
0.0460596
0.0426999
0.0369498
0.0293702
0.0217134
0.0131261
0.00487735
-0.365507
-0.390342
-0.422814
-0.457632
-0.491461
-0.523104
-0.550386
-0.571218
-0.584016
-0.587968
-0.582243
-0.566366
-0.539426
-0.499276
-0.441626
-0.364446
-0.273524
-0.180954
-0.100289
-0.0381041
0.00328098
0.0277867
0.039177
0.0425784
0.0402131
0.0351922
0.028165
0.020908
0.0126764
0.00469816
-0.361795
-0.38089
-0.411183
-0.444803
-0.478188
-0.510094
-0.538327
-0.560654
-0.57537
-0.58083
-0.576797
-0.562338
-0.536474
-0.49739
-0.44147
-0.366752
-0.278408
-0.187893
-0.108218
-0.0459749
-0.00369329
0.0220052
0.0346384
0.0391157
0.0376783
0.033373
0.026909
0.0200639
0.012204
0.00451254
-0.347583
-0.37117
-0.404061
-0.437455
-0.470277
-0.501826
-0.53004
-0.552577
-0.56754
-0.573755
-0.569816
-0.555256
-0.528955
-0.489221
-0.43328
-0.359963
-0.274496
-0.187698
-0.111249
-0.0511635
-0.00961848
0.0162542
0.0296601
0.0350608
0.0345818
0.0310685
0.0252846
0.0189527
0.0115769
0.00426794
-0.348091
-0.370999
-0.401387
-0.432174
-0.46258
-0.492099
-0.518767
-0.540164
-0.554267
-0.559594
-0.555161
-0.540114
-0.513309
-0.473346
-0.418468
-0.34836
-0.267921
-0.186664
-0.114669
-0.0573859
-0.016841
0.00919911
0.0235092
0.0299992
0.0306582
0.0281189
0.0231928
0.0175245
0.0107677
0.00395592
-0.347698
-0.369244
-0.395994
-0.423939
-0.451889
-0.479126
-0.503858
-0.523772
-0.536738
-0.541185
-0.536254
-0.52092
-0.494118
-0.454766
-0.401925
-0.335928
-0.261135
-0.185625
-0.118055
-0.0634775
-0.0239278
0.00222737
0.0173541
0.0248659
0.0266237
0.0250524
0.0209968
0.0160178
0.00990928
0.00363229
-0.34377
-0.364062
-0.387069
-0.411767
-0.437075
-0.461886
-0.484474
-0.502686
-0.514683
-0.518455
-0.513239
-0.497955
-0.471723
-0.433764
-0.383725
-0.322377
-0.253505
-0.183869
-0.120847
-0.0691024
-0.0307141
-0.00458998
0.0112334
0.0196966
0.0225151
0.0219022
0.0187236
0.0144528
0.00901479
0.00330138
-0.335903
-0.355716
-0.375688
-0.397009
-0.41939
-0.441591
-0.461859
-0.478207
-0.488914
-0.492304
-0.487042
-0.472215
-0.447152
-0.411331
-0.364753
-0.308421
-0.24556
-0.181739
-0.123219
-0.0743176
-0.0371858
-0.0112139
0.00518756
0.0145224
0.0183519
0.018679
0.0163779
0.0128314
0.00808377
0.00296165
-0.325456
-0.345
-0.362687
-0.380934
-0.400347
-0.419886
-0.437804
-0.452234
-0.461546
-0.464433
-0.459278
-0.445238
-0.421783
-0.388575
-0.345798
-0.294521
-0.237467
-0.179216
-0.125079
-0.0790342
-0.0432718
-0.0175895
-0.000740826
0.00937477
0.0141555
0.0153963
0.0139672
0.0111576
0.00711747
0.00261337
-0.313555
-0.332553
-0.348542
-0.364231
-0.38089
-0.397868
-0.413538
-0.426132
-0.434135
-0.436387
-0.431393
-0.418319
-0.396692
-0.36629
-0.327367
-0.28096
-0.229374
-0.176378
-0.126466
-0.0832623
-0.0489558
-0.0236861
-0.00651781
0.0042828
0.0099485
0.0120703
0.0115017
0.00943771
0.00611911
0.00225759
-0.30065
-0.318943
-0.333611
-0.347257
-0.36152
-0.376156
-0.389757
-0.400678
-0.407502
-0.409117
-0.404306
-0.392259
-0.372518
-0.344917
-0.309721
-0.267883
-0.221359
-0.173262
-0.127381
-0.086982
-0.0542064
-0.0294677
-0.0121078
-0.000723273
0.00575463
0.00871821
0.00899322
0.00767908
0.00509257
0.0018953
-0.287216
-0.304662
-0.318203
-0.330224
-0.34249
-0.355064
-0.366808
-0.376228
-0.381996
-0.383079
-0.378481
-0.36746
-0.349566
-0.324646
-0.292953
-0.255337
-0.213459
-0.169899
-0.127841
-0.090195
-0.0590103
-0.0349093
-0.0174804
-0.00561456
0.00159804
0.00535863
0.00645444
0.00588992
0.00404231
0.00152757
-0.273587
-0.290034
-0.302568
-0.313286
-0.32392
-0.334734
-0.344852
-0.352954
-0.357817
-0.358476
-0.354112
-0.344072
-0.327922
-0.305514
-0.277067
-0.243325
-0.205696
-0.166319
-0.127867
-0.0929055
-0.0633555
-0.0399874
-0.0226056
-0.0103619
-0.00249616
0.00201121
0.0038996
0.00407944
0.00297355
0.00115571
-0.259903
-0.275301
-0.286916
-0.296565
-0.305871
-0.315213
-0.323928
-0.330884
-0.334976
-0.335318
-0.331214
-0.3221
-0.307575
-0.287493
-0.262035
-0.231836
-0.198079
-0.162549
-0.127484
-0.0951235
-0.0672358
-0.0446837
-0.0274569
-0.0149372
-0.00650261
-0.00130339
0.00134412
0.0022579
0.00189221
0.000781253
-0.246332
-0.260671
-0.271426
-0.280172
-0.288391
-0.296507
-0.30403
-0.310002
-0.313446
-0.313564
-0.309745
-0.301503
-0.288484
-0.270543
-0.247821
-0.220849
-0.190617
-0.158618
-0.126721
-0.0968642
-0.0706496
-0.0489836
-0.0320105
-0.0193136
-0.0103958
-0.00456374
-0.00119548
0.000436456
0.000804876
0.000406008
-0.233038
-0.246303
-0.256244
-0.264209
-0.271526
-0.278626
-0.285145
-0.290285
-0.293193
-0.293161
-0.289645
-0.282226
-0.270594
-0.254614
-0.234385
-0.210347
-0.183322
-0.154557
-0.12561
-0.098148
-0.0736
-0.0528772
-0.0362463
-0.0234658
-0.0141506
-0.00774811
-0.00370194
-0.00137293
-0.000281308
3.20029e-05
-0.220119
-0.232318
-0.241487
-0.248767
-0.255326
-0.261582
-0.267263
-0.271707
-0.274179
-0.274055
-0.270853
-0.264208
-0.253852
-0.239657
-0.221693
-0.200317
-0.176206
-0.150397
-0.124187
-0.0989996
-0.0760948
-0.0563589
-0.0401483
-0.0273717
-0.017743
-0.0108348
-0.00615751
-0.00315771
-0.00135874
-0.000338526
-0.207654
-0.218819
-0.227257
-0.233925
-0.239839
-0.245391
-0.250376
-0.254243
-0.256366
-0.256197
-0.253312
-0.247393
-0.238205
-0.225634
-0.20972
-0.190753
-0.169284
-0.146172
-0.12249
-0.0994478
-0.0781473
-0.0594282
-0.043705
-0.0310118
-0.0211507
-0.0138026
-0.00854442
-0.00490499
-0.00241952
-0.000703174
-0.19572
-0.205889
-0.213632
-0.219749
-0.22511
-0.230072
-0.234477
-0.237871
-0.239716
-0.239541
-0.236971
-0.23173
-0.22361
-0.212509
-0.198447
-0.181654
-0.162573
-0.141912
-0.120555
-0.0995249
-0.0797758
-0.0620896
-0.0469095
-0.034371
-0.0243534
-0.0166316
-0.0108453
-0.00660181
-0.00345558
-0.00105942
-0.184371
-0.193588
-0.200676
-0.206293
-0.211176
-0.21564
-0.219563
-0.222568
-0.224199
-0.224046
-0.221785
-0.217173
-0.210026
-0.200253
-0.187858
-0.17302
-0.156092
-0.137651
-0.118421
-0.0992659
-0.0810041
-0.0643527
-0.0497599
-0.037438
-0.0273341
-0.0193034
-0.0130434
-0.00823547
-0.00445893
-0.0014047
-0.173645
-0.181966
-0.188439
-0.193601
-0.198067
-0.202108
-0.205629
-0.208317
-0.209783
-0.209677
-0.207713
-0.203682
-0.197419
-0.188841
-0.17794
-0.164854
-0.149857
-0.133419
-0.116128
-0.098709
-0.0818607
-0.0662322
-0.0522589
-0.0402063
-0.0300793
-0.0218017
-0.0151234
-0.00979382
-0.00542177
-0.00173644
-0.163576
-0.17106
-0.176962
-0.18171
-0.185809
-0.18949
-0.192675
-0.195104
-0.196446
-0.196401
-0.194721
-0.191222
-0.185758
-0.178252
-0.168684
-0.15716
-0.143888
-0.129248
-0.113715
-0.0978948
-0.0823784
-0.0677483
-0.0544141
-0.0426735
-0.032579
-0.0241129
-0.0170715
-0.0112656
-0.00633673
-0.00205218
-0.15419
-0.160902
-0.166274
-0.170646
-0.174425
-0.177797
-0.180701
-0.182916
-0.184166
-0.184192
-0.182779
-0.179764
-0.175018
-0.168466
-0.160083
-0.149943
-0.138206
-0.125173
-0.111225
-0.0968663
-0.0825942
-0.0689258
-0.0562379
-0.0448422
-0.0348278
-0.0262265
-0.0188759
-0.0126407
-0.00719702
-0.00234959
-0.145509
-0.151512
-0.156401
-0.160434
-0.16393
-0.167039
-0.169705
-0.171746
-0.172928
-0.173029
-0.171861
-0.169284
-0.165176
-0.15947
-0.152132
-0.143215
-0.132833
-0.121227
-0.108699
-0.0956688
-0.0825483
-0.0697943
-0.0577474
-0.0467191
-0.036824
-0.0281354
-0.020527
-0.0139105
-0.0079966
-0.00262655
-0.13755
-0.142913
-0.147363
-0.151091
-0.15434
-0.157223
-0.159689
-0.161587
-0.162718
-0.162893
-0.161949
-0.159761
-0.156218
-0.151255
-0.144833
-0.136986
-0.127795
-0.117449
-0.106185
-0.0943497
-0.0822841
-0.070388
-0.0589643
-0.0483152
-0.0385703
-0.0298359
-0.0220178
-0.0150677
-0.00873026
-0.00288122
-0.130331
-0.135119
-0.139176
-0.142633
-0.145667
-0.148357
-0.150655
-0.152434
-0.153527
-0.153773
-0.153029
-0.151183
-0.148133
-0.143818
-0.138192
-0.131275
-0.123121
-0.113878
-0.103728
-0.092958
-0.0818475
-0.0707444
-0.0599148
-0.0496461
-0.0400732
-0.0313276
-0.0233437
-0.016107
-0.00939371
-0.00311201
-0.123868
-0.12815
-0.131858
-0.135077
-0.137924
-0.14045
-0.142608
-0.144289
-0.145353
-0.145664
-0.145094
-0.143545
-0.140921
-0.137163
-0.132221
-0.126105
-0.118844
-0.110555
-0.101377
-0.0915449
-0.0812867
-0.0709045
-0.0606293
-0.0507307
-0.0413427
-0.0326136
-0.0245029
-0.0170243
-0.00998354
-0.00331764
-0.118182
-0.122024
-0.125429
-0.128441
-0.131129
-0.133518
-0.135558
-0.137158
-0.1382
-0.138567
-0.138148
-0.136852
-0.13459
-0.131304
-0.126942
-0.121504
-0.115003
-0.107528
-0.099183
-0.090163
-0.0806516
-0.0709113
-0.061141
-0.0515917
-0.0423915
-0.0336993
-0.0254955
-0.0178174
-0.0104971
-0.00349708
-0.113299
-0.116768
-0.119914
-0.122751
-0.125307
-0.127582
-0.129526
-0.131061
-0.132085
-0.1325
-0.132205
-0.131119
-0.129158
-0.126264
-0.122384
-0.117509
-0.111639
-0.104844
-0.0971996
-0.0888667
-0.0799939
-0.0708098
-0.0614857
-0.0522538
-0.0432348
-0.0345922
-0.0263235
-0.018485
-0.0109325
-0.00364948
-0.109251
-0.112415
-0.115349
-0.118042
-0.12049
-0.122674
-0.124541
-0.126025
-0.127036
-0.127489
-0.127294
-0.126378
-0.124658
-0.12208
-0.118587
-0.114165
-0.108805
-0.102559
-0.0954833
-0.087712
-0.0793659
-0.0706458
-0.0616997
-0.0527432
-0.0438885
-0.0353005
-0.0269892
-0.0190263
-0.0112878
-0.00377406
-0.106089
-0.109015
-0.111785
-0.114367
-0.116732
-0.118846
-0.120656
-0.122099
-0.1231
-0.123582
-0.123464
-0.122677
-0.121141
-0.118803
-0.115605
-0.111529
-0.106557
-0.100733
-0.0940943
-0.0867568
-0.0788202
-0.0704643
-0.0618188
-0.053085
-0.0443679
-0.0358314
-0.0274946
-0.0194402
-0.0115609
-0.00386994
-0.103876
-0.106638
-0.109294
-0.1118
-0.114109
-0.116176
-0.117946
-0.119363
-0.120357
-0.120858
-0.12079
-0.12009
-0.118681
-0.116508
-0.113511
-0.109672
-0.104969
-0.0994339
-0.0930975
-0.0860607
-0.0784095
-0.0703087
-0.0618759
-0.0533018
-0.0446857
-0.0361897
-0.0278393
-0.0197236
-0.0117487
-0.00393566
-0.102685
-0.105367
-0.107966
-0.110432
-0.112713
-0.114756
-0.116507
-0.117911
-0.118901
-0.119414
-0.119375
-0.118721
-0.117378
-0.115291
-0.112401
-0.108686
-0.104122
-0.0987393
-0.0925618
-0.0856831
-0.0781827
-0.0702168
-0.0618977
-0.0534088
-0.0448482
-0.0363744
-0.0280186
-0.0198705
-0.0118462
-0.00396889
-0.204014
-0.21295
-0.221505
-0.229698
-0.237549
-0.245086
-0.252344
-0.259361
-0.266176
-0.272826
-0.279357
-0.285812
-0.292277
-0.298843
-0.305704
-0.313005
-0.320991
-0.330427
-0.339757
-0.352532
-0.194056
-0.202838
-0.211325
-0.219542
-0.227522
-0.235301
-0.242919
-0.250414
-0.257833
-0.265216
-0.272631
-0.280138
-0.287833
-0.295824
-0.30409
-0.312927
-0.321495
-0.33117
-0.338185
-0.349664
-0.184804
-0.193314
-0.201591
-0.209666
-0.217577
-0.22536
-0.233056
-0.2407
-0.248337
-0.256012
-0.263759
-0.271646
-0.279595
-0.28777
-0.295659
-0.303997
-0.311219
-0.32026
-0.327378
-0.339685
-0.176198
-0.1844
-0.192435
-0.200332
-0.208121
-0.215833
-0.223492
-0.231133
-0.238762
-0.246429
-0.254072
-0.261802
-0.269356
-0.277146
-0.284508
-0.292787
-0.300514
-0.310569
-0.319563
-0.331492
-0.168227
-0.176124
-0.183904
-0.191594
-0.199211
-0.206782
-0.214309
-0.221831
-0.229314
-0.236837
-0.24428
-0.251872
-0.259338
-0.2673
-0.275138
-0.284047
-0.292544
-0.302313
-0.311037
-0.321553
-0.16087
-0.16845
-0.175945
-0.18338
-0.190761
-0.198116
-0.205434
-0.212768
-0.220072
-0.227467
-0.234846
-0.242486
-0.250122
-0.258237
-0.26618
-0.274624
-0.282521
-0.291086
-0.299536
-0.309694
-0.15403
-0.161274
-0.168454
-0.175594
-0.182696
-0.189789
-0.196864
-0.20398
-0.211102
-0.218344
-0.225605
-0.233066
-0.240469
-0.248071
-0.255458
-0.26313
-0.270754
-0.279107
-0.287885
-0.297773
-0.147653
-0.154544
-0.161387
-0.168205
-0.175001
-0.181802
-0.1886
-0.195444
-0.2023
-0.209236
-0.216162
-0.223178
-0.230144
-0.23726
-0.244417
-0.251922
-0.259631
-0.267749
-0.27616
-0.285369
-0.141675
-0.148205
-0.154699
-0.161178
-0.167645
-0.174119
-0.180595
-0.1871
-0.19361
-0.200165
-0.20673
-0.213383
-0.220098
-0.226988
-0.234001
-0.241188
-0.248453
-0.255897
-0.263723
-0.272443
-0.136043
-0.14221
-0.14835
-0.154478
-0.160599
-0.166723
-0.172851
-0.179
-0.185167
-0.191382
-0.197646
-0.203997
-0.21042
-0.21693
-0.223487
-0.230109
-0.23685
-0.24384
-0.251307
-0.259587
-0.130718
-0.136523
-0.142307
-0.14808
-0.153848
-0.159621
-0.165402
-0.171205
-0.177034
-0.182905
-0.188817
-0.194774
-0.200768
-0.206808
-0.212916
-0.219133
-0.225523
-0.232135
-0.239126
-0.246816
-0.125649
-0.131106
-0.136539
-0.141961
-0.147381
-0.152805
-0.158238
-0.163686
-0.169154
-0.174646
-0.180163
-0.185713
-0.191309
-0.196966
-0.20271
-0.208543
-0.214494
-0.220591
-0.22702
-0.23413
-0.120847
-0.125955
-0.131041
-0.136116
-0.141188
-0.146262
-0.151342
-0.15643
-0.161531
-0.166651
-0.171797
-0.176978
-0.182203
-0.187475
-0.1928
-0.198177
-0.203646
-0.209257
-0.21519
-0.221753
-0.116282
-0.121048
-0.125794
-0.130529
-0.135259
-0.139989
-0.144721
-0.149459
-0.154208
-0.158972
-0.163756
-0.168564
-0.173399
-0.178261
-0.183164
-0.188116
-0.193158
-0.198328
-0.203776
-0.209775
-0.111919
-0.116354
-0.120773
-0.12518
-0.129581
-0.13398
-0.138378
-0.142778
-0.147183
-0.151596
-0.156021
-0.160458
-0.164915
-0.169395
-0.173911
-0.178467
-0.183092
-0.187815
-0.192771
-0.198221
-0.107752
-0.111873
-0.115978
-0.120072
-0.124157
-0.128237
-0.132313
-0.136386
-0.140459
-0.144534
-0.148614
-0.152702
-0.156804
-0.160921
-0.16506
-0.169225
-0.173439
-0.177734
-0.18223
-0.187162
-0.103775
-0.107597
-0.111405
-0.115199
-0.118984
-0.12276
-0.126528
-0.130291
-0.134048
-0.137803
-0.141559
-0.145315
-0.149076
-0.152843
-0.156622
-0.160417
-0.164249
-0.168147
-0.172211
-0.176653
-0.0999721
-0.103516
-0.107044
-0.110558
-0.114059
-0.117549
-0.121028
-0.124497
-0.127958
-0.131412
-0.134859
-0.138302
-0.141742
-0.145182
-0.148626
-0.152077
-0.155554
-0.159078
-0.162738
-0.166718
-0.0963515
-0.0996385
-0.102906
-0.106157
-0.109393
-0.112614
-0.115822
-0.119018
-0.122201
-0.125371
-0.128532
-0.131682
-0.134824
-0.13796
-0.141092
-0.144224
-0.147369
-0.150547
-0.153832
-0.157386
-0.0929322
-0.0959761
-0.0990003
-0.102006
-0.104994
-0.107966
-0.110923
-0.113863
-0.116788
-0.119697
-0.122591
-0.125471
-0.128338
-0.131192
-0.134037
-0.136874
-0.139715
-0.142576
-0.145519
-0.148682
-0.0897182
-0.0925354
-0.0953332
-0.0981117
-0.100872
-0.103614
-0.106339
-0.109044
-0.111732
-0.1144
-0.11705
-0.119682
-0.122297
-0.124894
-0.127477
-0.130046
-0.132611
-0.135184
-0.137816
-0.140624
-0.086711
-0.0893219
-0.0919134
-0.0944853
-0.0970377
-0.0995704
-0.102083
-0.104575
-0.107046
-0.109496
-0.111925
-0.114332
-0.116718
-0.119083
-0.121429
-0.123756
-0.126072
-0.128386
-0.130741
-0.13323
-0.0839279
-0.0863529
-0.0887583
-0.0911433
-0.0935078
-0.0958512
-0.0981731
-0.100473
-0.102749
-0.105002
-0.107232
-0.109437
-0.111618
-0.113776
-0.11591
-0.118022
-0.120116
-0.122201
-0.124309
-0.126516
-0.0813866
-0.0836456
-0.0858846
-0.0881028
-0.0902995
-0.0924742
-0.094626
-0.096754
-0.0988576
-0.100936
-0.102989
-0.105016
-0.107017
-0.108991
-0.110939
-0.112861
-0.114762
-0.116646
-0.118539
-0.120499
-0.0791077
-0.0812207
-0.0833135
-0.085385
-0.0874344
-0.089461
-0.0914638
-0.0934418
-0.0953943
-0.0973204
-0.0992196
-0.101091
-0.102935
-0.10475
-0.106538
-0.108297
-0.11003
-0.111742
-0.11345
-0.115199
-0.0771166
-0.0791038
-0.0810706
-0.0830159
-0.0849386
-0.086838
-0.088713
-0.0905627
-0.092386
-0.0941823
-0.0959507
-0.0976905
-0.0994014
-0.101083
-0.102734
-0.104356
-0.105949
-0.107517
-0.109071
-0.110642
-0.0754417
-0.0773234
-0.0791846
-0.0810242
-0.082841
-0.0846343
-0.0864029
-0.0881458
-0.0898622
-0.091551
-0.0932116
-0.0948431
-0.0964451
-0.0980168
-0.099558
-0.101068
-0.102548
-0.104
-0.105431
-0.10686
-0.0741214
-0.0759191
-0.0776966
-0.0794524
-0.0811855
-0.082895
-0.0845797
-0.0862388
-0.0878712
-0.0894762
-0.0910527
-0.0926002
-0.0941179
-0.0956052
-0.0970616
-0.0984866
-0.0998805
-0.101244
-0.102581
-0.103903
-0.073181
-0.0749157
-0.0766302
-0.0783238
-0.0799955
-0.081644
-0.0832684
-0.0848677
-0.086441
-0.0879874
-0.089506
-0.0909961
-0.092457
-0.0938879
-0.0952884
-0.0966576
-0.0979955
-0.0993019
-0.100579
-0.10183
-0.072716
-0.074412
-0.0760879
-0.0777418
-0.0793731
-0.0809813
-0.0825658
-0.0841258
-0.0856605
-0.0871692
-0.0886513
-0.0901059
-0.0915327
-0.092931
-0.0943003
-0.0956402
-0.0969503
-0.0982304
-0.099481
-0.100704
0.081627
0.0637746
0.0465691
0.0307446
0.0140945
-0.00320161
-0.0201707
-0.0365858
-0.0525886
-0.0681967
-0.0833308
-0.0979513
-0.112086
-0.125835
-0.139523
-0.152202
-0.163792
-0.174602
-0.184864
-0.194661
0.0737166
0.0557494
0.0369134
0.0216205
0.00668059
-0.00924131
-0.0250945
-0.0402275
-0.0548207
-0.0690738
-0.0829519
-0.096365
-0.109234
-0.121478
-0.133309
-0.144709
-0.155514
-0.165749
-0.175537
-0.184962
0.0654954
0.0482206
0.0289374
0.0140742
0.000874564
-0.013281
-0.0278595
-0.0418222
-0.0551084
-0.0680223
-0.0806345
-0.0928501
-0.104602
-0.115891
-0.126707
-0.137417
-0.147752
-0.157587
-0.166983
-0.176037
0.0565764
0.0400841
0.0209949
0.00665006
-0.0051093
-0.0175661
-0.0308323
-0.0437454
-0.0559245
-0.0676525
-0.0791299
-0.0903165
-0.101118
-0.111484
-0.121418
-0.131295
-0.140956
-0.150246
-0.15917
-0.1678
0.0475708
0.0321888
0.0138454
0.00017593
-0.0103524
-0.0212537
-0.0331944
-0.045095
-0.0563127
-0.0670019
-0.0774346
-0.0876495
-0.0975624
-0.107133
-0.11641
-0.125672
-0.134739
-0.143498
-0.15196
-0.160185
0.0387806
0.0246657
0.00737202
-0.00557237
-0.0151108
-0.0246962
-0.0353974
-0.0463298
-0.0567013
-0.0665065
-0.0760273
-0.0853783
-0.0945015
-0.103334
-0.111919
-0.120599
-0.129092
-0.137333
-0.145348
-0.153181
0.0304166
0.0176053
0.00155638
-0.0106151
-0.019344
-0.0278271
-0.0373857
-0.0473771
-0.0569667
-0.0660038
-0.0747351
-0.0833381
-0.0918203
-0.100129
-0.108226
-0.116012
-0.123837
-0.131612
-0.139235
-0.146696
0.0225826
0.0110117
-0.00370256
-0.0150598
-0.0231143
-0.0306948
-0.0392329
-0.0483264
-0.05718
-0.0655345
-0.0735664
-0.0814703
-0.0892854
-0.0969609
-0.10445
-0.111762
-0.119096
-0.126407
-0.133613
-0.140688
0.0153245
0.00487705
-0.008492
-0.0189992
-0.0264606
-0.0333009
-0.0409444
-0.0491919
-0.0573409
-0.0650697
-0.0724786
-0.0797529
-0.0869635
-0.0940822
-0.101071
-0.10793
-0.114799
-0.121646
-0.128415
-0.135088
0.00865089
-0.000794998
-0.0128618
-0.0225044
-0.029419
-0.0356446
-0.0425164
-0.0499852
-0.057463
-0.0646096
-0.0714585
-0.0781688
-0.0848284
-0.0914336
-0.0979533
-0.104382
-0.110821
-0.117229
-0.12357
-0.129836
0.00255224
-0.00599234
-0.0168266
-0.0256188
-0.0320204
-0.0377254
-0.0439365
-0.0507033
-0.057552
-0.064155
-0.0704963
-0.076699
-0.08285
-0.08896
-0.0950086
-0.101006
-0.107052
-0.113067
-0.119008
-0.124884
-0.00299096
-0.0107111
-0.0203924
-0.0283715
-0.0342943
-0.0395509
-0.0451951
-0.0513359
-0.057602
-0.0636972
-0.0695755
-0.0753295
-0.0810429
-0.0867381
-0.0923986
-0.097997
-0.103532
-0.109076
-0.114627
-0.120158
-0.00800672
-0.0149627
-0.0235709
-0.0307861
-0.0362665
-0.041133
-0.0462875
-0.0518718
-0.0576026
-0.0632222
-0.0686681
-0.0740027
-0.0792964
-0.0845741
-0.0898248
-0.0950294
-0.100173
-0.105341
-0.11053
-0.115705
-0.0125238
-0.0187679
-0.0263808
-0.0328851
-0.0379594
-0.0424842
-0.0472127
-0.0523015
-0.0575419
-0.0627173
-0.0677577
-0.0727021
-0.0776074
-0.0824994
-0.0873737
-0.0922159
-0.0970192
-0.101839
-0.106669
-0.111489
-0.0165752
-0.0221557
-0.0288459
-0.03469
-0.0393915
-0.0436155
-0.0479721
-0.0526195
-0.0574123
-0.0621748
-0.0668372
-0.07142
-0.0759668
-0.0805017
-0.0850246
-0.0895259
-0.0940016
-0.0984885
-0.10298
-0.10746
-0.0201892
-0.0251549
-0.0309925
-0.0362233
-0.0405806
-0.0445377
-0.0485688
-0.0528236
-0.0572091
-0.0615896
-0.0659
-0.0701473
-0.0743626
-0.0785667
-0.0827622
-0.086943
-0.0911063
-0.0952788
-0.0994513
-0.103612
-0.0233903
-0.02779
-0.0328437
-0.0375061
-0.0415439
-0.0452626
-0.0490086
-0.0529149
-0.0569314
-0.0609596
-0.064943
-0.0688786
-0.0727865
-0.0766834
-0.0805737
-0.0844543
-0.0883242
-0.0922023
-0.0960756
-0.0999342
-0.0262107
-0.0300917
-0.0344241
-0.0385581
-0.0422976
-0.0458026
-0.0492998
-0.0528988
-0.056583
-0.0602886
-0.0639701
-0.0676177
-0.0712418
-0.0748531
-0.0784546
-0.082045
-0.0856279
-0.0892393
-0.092836
-0.0964126
-0.0286581
-0.0320773
-0.0357619
-0.0394085
-0.0428655
-0.0461738
-0.0494527
-0.0527823
-0.0561699
-0.0595819
-0.0629865
-0.0663716
-0.0697408
-0.0731016
-0.0764577
-0.0798067
-0.0831396
-0.0864316
-0.0897352
-0.0930472
-0.0307335
-0.0337528
-0.0368795
-0.0400897
-0.0432777
-0.0463977
-0.0494799
-0.0525725
-0.0556961
-0.0588413
-0.0619894
-0.0651283
-0.0682555
-0.071373
-0.074482
-0.0775806
-0.0806649
-0.0837312
-0.0868003
-0.0898708
-0.0324525
-0.0351319
-0.0377952
-0.0406262
-0.0435615
-0.0464975
-0.0493977
-0.05228
-0.05517
-0.0580755
-0.0609894
-0.0639018
-0.066807
-0.0697035
-0.0725915
-0.07547
-0.0783366
-0.0811887
-0.0840383
-0.0868838
-0.0338401
-0.0362363
-0.0385258
-0.0410364
-0.0437392
-0.0464967
-0.049226
-0.0519205
-0.0546051
-0.057298
-0.0600013
-0.0627081
-0.0654115
-0.0681077
-0.0707952
-0.0734731
-0.0761397
-0.0787936
-0.0814418
-0.0840827
-0.0349252
-0.0370908
-0.0390892
-0.0413369
-0.043831
-0.0464181
-0.0489874
-0.0515137
-0.0540182
-0.0565243
-0.0590404
-0.0615627
-0.064084
-0.0665994
-0.0691061
-0.0716031
-0.0740891
-0.0765629
-0.0790288
-0.0814852
-0.0357411
-0.0377242
-0.0395061
-0.0415452
-0.0438569
-0.0462852
-0.0487061
-0.0510821
-0.0534295
-0.0557731
-0.0581248
-0.0604835
-0.0628427
-0.0651967
-0.0675424
-0.069878
-0.0722026
-0.074515
-0.0768178
-0.0791095
-0.0363186
-0.0381645
-0.0397985
-0.041681
-0.0438383
-0.0461223
-0.0484074
-0.0506502
-0.0528617
-0.0550657
-0.0572754
-0.0594914
-0.0617084
-0.0639206
-0.0661244
-0.0683182
-0.0705006
-0.0726707
-0.0748297
-0.0769763
-0.0366979
-0.038448
-0.0399939
-0.0417672
-0.0437988
-0.0459553
-0.0481192
-0.0502456
-0.0523414
-0.0544274
-0.0565167
-0.0586108
-0.0607054
-0.0627953
-0.0648768
-0.0669481
-0.0690078
-0.0710548
-0.0730895
-0.0751109
-0.0368987
-0.0385968
-0.0401164
-0.0418282
-0.0437633
-0.0458103
-0.047868
-0.0498952
-0.0518951
-0.0538845
-0.0558747
-0.0578678
-0.0598602
-0.0618475
-0.0638262
-0.0657944
-0.0677509
-0.0696944
-0.0716249
-0.0735414
-0.0369823
-0.038667
-0.0402077
-0.0418969
-0.0437613
-0.0457163
-0.047683
-0.0496279
-0.0515514
-0.0534653
-0.0553782
-0.0572917
-0.0592032
-0.061109
-0.0630062
-0.0648927
-0.0667671
-0.0686277
-0.0704737
-0.0723054
-0.0369092
-0.0386382
-0.0402771
-0.0419978
-0.0438214
-0.0457018
-0.0475924
-0.0494716
-0.0513376
-0.0531962
-0.0550522
-0.0569061
-0.0587561
-0.0605995
-0.0624341
-0.0642583
-0.0660707
-0.0678704
-0.0696565
-0.0714274
-0.03686
-0.038622
-0.0403264
-0.0420787
-0.043893
-0.0457422
-0.0475986
-0.0494484
-0.0512896
-0.0531245
-0.0549548
-0.0567804
-0.0585996
-0.0604105
-0.0622109
-0.0639993
-0.0657739
-0.067533
-0.0692748
-0.0710027
0.0761311
0.0817229
0.078538
0.0871478
0.0872571
0.09799
0.101881
0.115042
0.122647
0.13763
0.145971
0.158529
0.1583
0.155643
0.120507
0.0760091
0.081475
0.0783758
0.0866381
0.0868157
0.0969782
0.10075
0.112994
0.120014
0.133393
0.140318
0.149877
0.147332
0.138626
0.105749
0.0758737
0.0811991
0.0781831
0.0860673
0.0862864
0.0958373
0.0994321
0.110704
0.117034
0.128734
0.13416
0.14076
0.136202
0.123356
0.0942482
0.075729
0.0808858
0.0779737
0.0854303
0.0857103
0.0945838
0.0980104
0.108214
0.113864
0.123762
0.127783
0.131426
0.125288
0.109697
0.0828624
0.0755747
0.0805319
0.0777484
0.0847269
0.0850889
0.0932173
0.0964867
0.105533
0.110531
0.118532
0.121272
0.122069
0.11471
0.0972229
0.0714732
0.0754105
0.0801339
0.0775057
0.0839538
0.0844156
0.0917332
0.0948513
0.10266
0.107029
0.113082
0.114637
0.112817
0.10443
0.0856559
0.0604607
0.0752364
0.0796877
0.0772444
0.0831072
0.0836861
0.0901294
0.0930988
0.0996042
0.103356
0.107461
0.107897
0.103766
0.0944178
0.0748738
0.0501366
0.0750526
0.0791889
0.0769634
0.0821845
0.0828968
0.0884072
0.0912249
0.0963832
0.0995105
0.101728
0.101082
0.0949865
0.0846941
0.0648346
0.0406505
0.0748593
0.0786335
0.0766611
0.0811856
0.0820436
0.0865728
0.0892225
0.0930234
0.0954981
0.0959477
0.0942267
0.0865185
0.0753155
0.0555149
0.0320391
0.0746566
0.0780187
0.0763349
0.0801128
0.08112
0.0846391
0.0870821
0.0895553
0.0913302
0.0901728
0.0873664
0.078383
0.0663487
0.0468812
0.0242459
0.0744449
0.0773425
0.0759808
0.0789726
0.0801158
0.0826252
0.0847968
0.0860113
0.0870222
0.0844415
0.0805394
0.0705933
0.0578539
0.0388906
0.0171856
0.0742242
0.076605
0.0755926
0.0777776
0.0790179
0.0805501
0.0823688
0.0824163
0.0825915
0.0787827
0.0737942
0.063156
0.0498759
0.0315029
0.0107782
0.0739943
0.075809
0.0751602
0.0765466
0.0778156
0.0784291
0.0798028
0.0787907
0.0780635
0.0732191
0.0671869
0.0560735
0.0424389
0.0246886
0.00495835
0.0737541
0.0749625
0.0746691
0.0752969
0.0765054
0.0762736
0.0771073
0.0751522
0.0734731
0.0677682
0.060775
0.049349
0.035547
0.018427
-0.000322574
0.0735005
0.0740803
0.0741066
0.0740399
0.0750869
0.0740934
0.0742966
0.0715159
0.0688644
0.0624455
0.0546108
0.0429908
0.0291883
0.0127014
-0.00509939
0.0732276
0.0731786
0.0734657
0.0727823
0.0735637
0.0718972
0.0713926
0.0678948
0.0642859
0.0572684
0.0487368
0.0370126
0.0233431
0.00749406
-0.0093982
0.072929
0.0722715
0.0727443
0.0715291
0.0719439
0.0696928
0.0684244
0.0643003
0.0597864
0.0522598
0.043184
0.03143
0.0179915
0.00278481
-0.0132429
0.0725989
0.0713745
0.0719417
0.0702839
0.0702416
0.0674869
0.0654276
0.0607455
0.0554107
0.0474483
0.0379723
0.0262562
0.0131161
-0.00144769
-0.0166555
0.0722329
0.0705023
0.0710609
0.0690495
0.0684768
0.0652859
0.0624414
0.0572491
0.0511978
0.0428659
0.0331146
0.0214974
0.00870091
-0.00522643
-0.0196531
0.0718286
0.0696675
0.0701101
0.0678278
0.0666762
0.0630975
0.0595051
0.0538371
0.0471811
0.0385443
0.0286197
0.0171532
0.00473046
-0.00857329
-0.0222512
0.0713863
0.068881
0.069103
0.06662
0.0648713
0.0609337
0.0566552
0.0505425
0.0433889
0.0345115
0.0244942
0.0132189
0.00118869
-0.0115084
-0.0244679
0.0709094
0.0681527
0.0680594
0.0654269
0.0630961
0.0588125
0.0539248
0.0474021
0.0398464
0.0307909
0.020744
0.00968861
-0.00194091
-0.0140524
-0.0263262
0.0704051
0.0674898
0.0670052
0.0642512
0.0613845
0.0567606
0.0513455
0.0444545
0.0365775
0.027401
0.0173743
0.00655604
-0.0046754
-0.0162283
-0.0278526
0.0698846
0.0668972
0.0659716
0.0631002
0.0597682
0.0548147
0.0489493
0.0417364
0.0336053
0.024357
0.0143889
0.0038146
-0.00703199
-0.0180599
-0.0290758
0.0693635
0.0663781
0.0649931
0.0619867
0.0582756
0.0530187
0.0467702
0.0392818
0.0309527
0.0216731
0.0117917
0.0014581
-0.00902725
-0.0195718
-0.0300253
0.0688611
0.0659359
0.0641057
0.0609361
0.0569336
0.0514164
0.0448456
0.0371249
0.0286442
0.0193643
0.00958728
-0.000518376
-0.0106756
-0.0207857
-0.0307314
0.0684009
0.065567
0.0633435
0.0599917
0.0557707
0.0500465
0.0432146
0.0353025
0.0267078
0.0174481
0.00778196
-0.00211785
-0.0119896
-0.0217243
-0.031218
0.0680112
0.0652724
0.0627336
0.05921
0.054823
0.048948
0.0419174
0.0338553
0.0251772
0.0159472
0.00638536
-0.00334125
-0.0129755
-0.0223955
-0.0315198
0.0677232
0.0650615
0.0623011
0.05864
0.0541348
0.0481631
0.0409977
0.0328302
0.0240945
0.0148944
0.00541631
-0.00418442
-0.0136504
-0.0228339
-0.0316254
0.0675654
0.0649519
0.0620704
0.0583293
0.0537594
0.0477418
0.0405063
0.0322827
0.0235146
0.0143346
0.00490637
-0.00462123
-0.013991
-0.0230407
-0.0316622
0.0768158
0.0836746
0.0788819
0.0902535
0.0882205
0.102584
0.105005
0.123048
0.132001
0.155188
0.173062
0.203889
0.233434
0.274975
0.318475
0.0768132
0.0836634
0.0788823
0.090236
0.088219
0.102559
0.104995
0.123007
0.131957
0.155108
0.172926
0.203684
0.233052
0.274401
0.317471
0.0768079
0.083641
0.0788829
0.0902011
0.0882161
0.102509
0.104974
0.122925
0.131871
0.154948
0.172656
0.203274
0.232289
0.273255
0.315462
0.0768001
0.0836076
0.0788837
0.090149
0.0882114
0.102434
0.104943
0.122803
0.131741
0.154707
0.172254
0.202659
0.231146
0.271539
0.312448
0.0767895
0.0835635
0.0788844
0.0900802
0.0882047
0.102335
0.1049
0.122641
0.13157
0.154386
0.17172
0.201838
0.229628
0.269259
0.308429
0.0767761
0.083509
0.0788846
0.0899952
0.0881957
0.102213
0.104846
0.122441
0.131359
0.153984
0.171059
0.200813
0.227737
0.266417
0.303409
0.0767599
0.0834444
0.078884
0.0898946
0.088184
0.10207
0.10478
0.122202
0.131107
0.153502
0.170273
0.199585
0.22548
0.263016
0.297392
0.0767406
0.0833702
0.078882
0.089779
0.0881694
0.101905
0.104701
0.121927
0.130816
0.15294
0.169367
0.198152
0.222863
0.259059
0.290389
0.0767182
0.083287
0.0788785
0.0896494
0.0881513
0.101722
0.104608
0.121618
0.130487
0.152299
0.168343
0.196517
0.219892
0.25455
0.282415
0.0766925
0.0831952
0.0788733
0.0895064
0.0881294
0.101523
0.104502
0.121274
0.13012
0.151581
0.167206
0.194676
0.216576
0.249495
0.273488
0.0766634
0.083096
0.0788593
0.0893505
0.0881046
0.101274
0.104379
0.1209
0.129717
0.150787
0.16596
0.192631
0.212924
0.243897
0.263633
0.0766307
0.0829897
0.0788462
0.0891822
0.0880774
0.101168
0.104237
0.120496
0.129276
0.14992
0.164608
0.190378
0.208949
0.237762
0.252879
0.0765943
0.0828765
0.0788456
0.0890036
0.088043
0.10086
0.10408
0.120065
0.1288
0.148983
0.163151
0.187919
0.204662
0.231093
0.241261
0.0765541
0.0827562
0.0788313
0.0888168
0.0879984
0.10058
0.103911
0.11961
0.128286
0.147978
0.161593
0.185255
0.200076
0.223892
0.22882
0.0765098
0.0826298
0.0788121
0.0886219
0.0879447
0.100294
0.103728
0.119132
0.127737
0.146909
0.159934
0.182388
0.195207
0.216164
0.215603
0.0764608
0.0824978
0.0787895
0.0884048
0.08788
0.0999937
0.10353
0.118635
0.12715
0.145779
0.158176
0.179323
0.190066
0.207908
0.201666
0.0764091
0.0823609
0.0787631
0.0882107
0.0878034
0.0996849
0.103315
0.118119
0.126526
0.144591
0.156316
0.176066
0.18467
0.199127
0.187066
0.0763543
0.0822204
0.0787302
0.087992
0.0877194
0.0993664
0.103086
0.117581
0.125861
0.143339
0.154349
0.172616
0.179027
0.18984
0.171864
0.0762911
0.0820769
0.0786924
0.0877827
0.0876357
0.0990561
0.102863
0.117058
0.125199
0.142088
0.15232
0.16904
0.17315
0.180049
0.156237
0.0762224
0.0819263
0.0786413
0.0875544
0.0875241
0.0987264
0.102591
0.116522
0.124454
0.140777
0.150129
0.165245
0.166985
0.169709
0.140048
0.0762223
0.0819262
0.0786413
0.0875544
0.087524
0.0987264
0.102591
0.116522
0.124454
0.140777
0.150129
0.165245
0.166985
0.169709
0.140047
0.0762911
0.0820769
0.0786923
0.0877826
0.0876356
0.0990561
0.102863
0.117058
0.125199
0.142088
0.15232
0.16904
0.17315
0.180048
0.156237
0.0763543
0.0822204
0.0787302
0.087992
0.0877194
0.0993664
0.103086
0.117581
0.125861
0.143339
0.154349
0.172616
0.179027
0.18984
0.171864
0.076409
0.0823609
0.0787631
0.0882107
0.0878034
0.0996849
0.103315
0.118119
0.126526
0.144591
0.156315
0.176066
0.184669
0.199127
0.187066
0.0764608
0.0824978
0.0787895
0.0884048
0.08788
0.0999937
0.10353
0.118635
0.12715
0.145779
0.158176
0.179323
0.190066
0.207908
0.201666
0.0765097
0.0826298
0.0788121
0.0886219
0.0879447
0.100294
0.103728
0.119132
0.127737
0.146909
0.159934
0.182388
0.195206
0.216163
0.215603
0.0765541
0.0827562
0.0788313
0.0888167
0.0879984
0.10058
0.103911
0.11961
0.128286
0.147978
0.161593
0.185255
0.200076
0.223892
0.22882
0.0765943
0.0828765
0.0788456
0.0890036
0.088043
0.10086
0.10408
0.120065
0.1288
0.148983
0.163151
0.187919
0.204662
0.231092
0.24126
0.0766307
0.0829897
0.0788462
0.0891822
0.0880774
0.101168
0.104237
0.120496
0.129276
0.14992
0.164608
0.190378
0.208949
0.237762
0.252879
0.0766634
0.0830959
0.0788593
0.0893505
0.0881046
0.101274
0.104379
0.1209
0.129717
0.150787
0.16596
0.19263
0.212924
0.243897
0.263633
0.0766925
0.0831952
0.0788733
0.0895064
0.0881294
0.101523
0.104502
0.121274
0.13012
0.151581
0.167206
0.194676
0.216576
0.249494
0.273488
0.0767182
0.083287
0.0788785
0.0896494
0.0881513
0.101722
0.104608
0.121617
0.130487
0.152299
0.168343
0.196516
0.219892
0.25455
0.282415
0.0767406
0.0833702
0.078882
0.089779
0.0881693
0.101905
0.104701
0.121927
0.130816
0.15294
0.169367
0.198152
0.222863
0.259058
0.290389
0.0767599
0.0834444
0.078884
0.0898946
0.088184
0.10207
0.10478
0.122202
0.131107
0.153502
0.170273
0.199585
0.22548
0.263016
0.297392
0.0767761
0.083509
0.0788846
0.0899952
0.0881957
0.102213
0.104846
0.122441
0.131359
0.153984
0.171059
0.200813
0.227737
0.266417
0.303409
0.0767895
0.0835635
0.0788844
0.0900802
0.0882047
0.102335
0.1049
0.122641
0.13157
0.154386
0.17172
0.201838
0.229628
0.269259
0.308429
0.0768001
0.0836076
0.0788837
0.090149
0.0882114
0.102434
0.104943
0.122803
0.131741
0.154707
0.172254
0.202659
0.231146
0.271539
0.312448
0.0768079
0.083641
0.0788829
0.0902011
0.0882161
0.102509
0.104974
0.122925
0.131871
0.154948
0.172656
0.203274
0.232289
0.273255
0.315462
0.0768132
0.0836634
0.0788823
0.090236
0.088219
0.102559
0.104995
0.123007
0.131957
0.155108
0.172926
0.203684
0.233052
0.274401
0.317471
0.0768158
0.0836746
0.0788819
0.0902535
0.0882205
0.102584
0.105005
0.123048
0.132001
0.155188
0.173062
0.203889
0.233434
0.274975
0.318475
0.0675653
0.0649518
0.0620703
0.0583292
0.0537593
0.0477417
0.0405062
0.0322826
0.0235144
0.0143344
0.00490621
-0.0046214
-0.0139912
-0.0230409
-0.0316624
0.0677231
0.0650615
0.062301
0.05864
0.0541347
0.048163
0.0409976
0.0328301
0.0240944
0.0148942
0.00541615
-0.00418459
-0.0136506
-0.0228341
-0.0316256
0.0680111
0.0652724
0.0627335
0.0592099
0.0548229
0.0489479
0.0419173
0.0338552
0.025177
0.0159471
0.0063852
-0.00334142
-0.0129756
-0.0223956
-0.0315199
0.0684009
0.0655669
0.0633434
0.0599916
0.0557706
0.0500464
0.0432145
0.0353023
0.0267077
0.017448
0.0077818
-0.00211802
-0.0119898
-0.0217245
-0.0312182
0.068861
0.0659358
0.0641057
0.060936
0.0569335
0.0514163
0.0448454
0.0371248
0.0286441
0.0193642
0.00958712
-0.000518547
-0.0106758
-0.0207859
-0.0307316
0.0693634
0.066378
0.064993
0.0619866
0.0582756
0.0530186
0.0467701
0.0392817
0.0309526
0.0216729
0.0117915
0.00145793
-0.00902743
-0.019572
-0.0300255
0.0698845
0.0668971
0.0659715
0.0631001
0.0597681
0.0548146
0.0489492
0.0417362
0.0336051
0.0243568
0.0143887
0.00381443
-0.00703217
-0.0180601
-0.029076
0.070405
0.0674897
0.0670051
0.0642511
0.0613844
0.0567605
0.0513454
0.0444544
0.0365773
0.0274008
0.0173741
0.00655586
-0.00467559
-0.0162285
-0.0278528
0.0709093
0.0681527
0.0680593
0.0654268
0.063096
0.0588124
0.0539246
0.047402
0.0398462
0.0307907
0.0207439
0.00968843
-0.00194111
-0.0140526
-0.0263265
0.0713862
0.068881
0.0691029
0.0666199
0.0648712
0.0609336
0.0566551
0.0505423
0.0433887
0.0345113
0.024494
0.0132187
0.00118848
-0.0115086
-0.0244682
0.0718285
0.0696674
0.07011
0.0678277
0.0666761
0.0630974
0.0595049
0.053837
0.047181
0.0385441
0.0286195
0.017153
0.00473025
-0.00857352
-0.0222514
0.0722328
0.0705023
0.0710609
0.0690494
0.0684767
0.0652858
0.0624412
0.057249
0.0511976
0.0428658
0.0331144
0.0214972
0.0087007
-0.00522666
-0.0196534
0.0725988
0.0713745
0.0719416
0.0702838
0.0702415
0.0674868
0.0654275
0.0607454
0.0554105
0.0474482
0.0379721
0.026256
0.0131159
-0.00144793
-0.0166558
0.0729289
0.0722714
0.0727442
0.071529
0.0719439
0.0696927
0.0684243
0.0643002
0.0597863
0.0522596
0.0431838
0.0314298
0.0179913
0.00278456
-0.0132432
0.0732275
0.0731786
0.0734657
0.0727822
0.0735636
0.0718971
0.0713925
0.0678947
0.0642857
0.0572682
0.0487367
0.0370124
0.0233429
0.00749381
-0.00939848
0.0735005
0.0740803
0.0741066
0.0740398
0.0750868
0.0740933
0.0742965
0.0715158
0.0688642
0.0624453
0.0546106
0.0429906
0.0291881
0.0127012
-0.00509968
0.0737541
0.0749625
0.0746691
0.0752968
0.0765053
0.0762735
0.0771072
0.0751521
0.073473
0.067768
0.0607748
0.0493488
0.0355468
0.0184268
-0.000322873
0.0739943
0.075809
0.0751601
0.0765465
0.0778155
0.078429
0.0798027
0.0787906
0.0780633
0.0732189
0.0671868
0.0560733
0.0424387
0.0246883
0.00495804
0.0742241
0.0766049
0.0755926
0.0777775
0.0790178
0.08055
0.0823687
0.0824162
0.0825914
0.0787826
0.073794
0.0631558
0.0498756
0.0315027
0.0107779
0.0744449
0.0773424
0.0759808
0.0789726
0.0801158
0.0826251
0.0847967
0.0860112
0.087022
0.0844413
0.0805392
0.0705931
0.0578537
0.0388903
0.0171853
0.0746566
0.0780186
0.0763348
0.0801128
0.08112
0.0846391
0.087082
0.0895552
0.0913301
0.0901727
0.0873662
0.0783828
0.0663484
0.0468809
0.0242456
0.0748593
0.0786335
0.076661
0.0811855
0.0820436
0.0865728
0.0892224
0.0930233
0.0954979
0.0959475
0.0942266
0.0865183
0.0753153
0.0555146
0.0320387
0.0750526
0.0791889
0.0769633
0.0821845
0.0828968
0.0884071
0.0912249
0.0963831
0.0995104
0.101728
0.101082
0.0949863
0.0846939
0.0648343
0.0406502
0.0752364
0.0796877
0.0772443
0.0831071
0.083686
0.0901293
0.0930988
0.0996041
0.103356
0.107461
0.107897
0.103766
0.0944175
0.0748735
0.0501363
0.0754105
0.0801339
0.0775057
0.0839538
0.0844156
0.0917332
0.0948513
0.10266
0.107029
0.113082
0.114637
0.112817
0.10443
0.0856556
0.0604603
0.0755747
0.0805318
0.0777484
0.0847269
0.0850889
0.0932172
0.0964867
0.105532
0.110531
0.118532
0.121272
0.122069
0.11471
0.0972226
0.0714729
0.0757289
0.0808858
0.0779736
0.0854303
0.0857103
0.0945837
0.0980103
0.108214
0.113864
0.123762
0.127783
0.131426
0.125287
0.109697
0.082862
0.0758737
0.0811991
0.0781831
0.0860672
0.0862864
0.0958372
0.0994321
0.110703
0.117033
0.128734
0.13416
0.14076
0.136202
0.123356
0.0942479
0.0760091
0.081475
0.0783757
0.086638
0.0868156
0.0969782
0.10075
0.112994
0.120014
0.133393
0.140318
0.149876
0.147332
0.138625
0.105749
0.0761311
0.0817229
0.078538
0.0871477
0.0872571
0.09799
0.101881
0.115042
0.122647
0.13763
0.145971
0.158529
0.158299
0.155643
0.120507
-0.0368601
-0.0386222
-0.0403266
-0.0420789
-0.0438932
-0.0457424
-0.0475987
-0.0494486
-0.0512898
-0.0531246
-0.054955
-0.0567806
-0.0585998
-0.0604106
-0.0622111
-0.0639994
-0.065774
-0.0675331
-0.069275
-0.0710028
-0.0369094
-0.0386384
-0.0402773
-0.0419979
-0.0438216
-0.045702
-0.0475926
-0.0494717
-0.0513377
-0.0531964
-0.0550523
-0.0569062
-0.0587562
-0.0605997
-0.0624343
-0.0642584
-0.0660709
-0.0678706
-0.0696566
-0.0714275
-0.0369825
-0.0386672
-0.0402079
-0.0418971
-0.0437614
-0.0457164
-0.0476832
-0.0496281
-0.0515515
-0.0534654
-0.0553783
-0.0572918
-0.0592034
-0.0611092
-0.0630064
-0.0648929
-0.0667672
-0.0686279
-0.0704738
-0.0723056
-0.0368988
-0.038597
-0.0401165
-0.0418284
-0.0437635
-0.0458105
-0.0478682
-0.0498954
-0.0518953
-0.0538847
-0.0558749
-0.057868
-0.0598604
-0.0618476
-0.0638263
-0.0657946
-0.067751
-0.0696946
-0.071625
-0.0735415
-0.0366981
-0.0384482
-0.0399941
-0.0417674
-0.043799
-0.0459555
-0.0481193
-0.0502458
-0.0523416
-0.0544276
-0.0565168
-0.058611
-0.0607056
-0.0627954
-0.064877
-0.0669482
-0.0690079
-0.0710549
-0.0730897
-0.0751111
-0.0363188
-0.0381647
-0.0397987
-0.0416812
-0.0438385
-0.0461224
-0.0484076
-0.0506504
-0.0528619
-0.0550659
-0.0572756
-0.0594916
-0.0617086
-0.0639207
-0.0661246
-0.0683183
-0.0705008
-0.0726708
-0.0748298
-0.0769765
-0.0357413
-0.0377244
-0.0395063
-0.0415454
-0.0438571
-0.0462854
-0.0487063
-0.0510823
-0.0534297
-0.0557733
-0.058125
-0.0604837
-0.0628429
-0.0651969
-0.0675426
-0.0698782
-0.0722028
-0.0745152
-0.076818
-0.0791097
-0.0349254
-0.037091
-0.0390894
-0.0413371
-0.0438312
-0.0464183
-0.0489876
-0.0515139
-0.0540184
-0.0565245
-0.0590406
-0.0615629
-0.0640842
-0.0665996
-0.0691064
-0.0716033
-0.0740893
-0.0765631
-0.079029
-0.0814854
-0.0338403
-0.0362365
-0.038526
-0.0410367
-0.0437395
-0.0464969
-0.0492262
-0.0519208
-0.0546053
-0.0572982
-0.0600015
-0.0627084
-0.0654118
-0.0681079
-0.0707954
-0.0734733
-0.0761399
-0.0787938
-0.081442
-0.0840829
-0.0324527
-0.0351321
-0.0377954
-0.0406265
-0.0435617
-0.0464978
-0.0493979
-0.0522802
-0.0551702
-0.0580757
-0.0609896
-0.063902
-0.0668072
-0.0697038
-0.0725918
-0.0754702
-0.0783369
-0.081189
-0.0840385
-0.086884
-0.0307338
-0.033753
-0.0368798
-0.0400899
-0.0432779
-0.0463979
-0.0494802
-0.0525728
-0.0556963
-0.0588415
-0.0619896
-0.0651285
-0.0682557
-0.0713732
-0.0744822
-0.0775809
-0.0806652
-0.0837315
-0.0868006
-0.089871
-0.0286584
-0.0320776
-0.0357621
-0.0394087
-0.0428657
-0.0461741
-0.049453
-0.0527826
-0.0561701
-0.0595821
-0.0629867
-0.0663718
-0.0697411
-0.0731018
-0.0764579
-0.0798069
-0.0831399
-0.0864319
-0.0897355
-0.0930474
-0.026211
-0.030092
-0.0344244
-0.0385583
-0.0422979
-0.0458028
-0.0493
-0.052899
-0.0565833
-0.0602889
-0.0639703
-0.067618
-0.071242
-0.0748533
-0.0784548
-0.0820453
-0.0856282
-0.0892396
-0.0928363
-0.0964128
-0.0233906
-0.0277903
-0.0328439
-0.0375064
-0.0415441
-0.0452629
-0.0490089
-0.0529152
-0.0569317
-0.0609599
-0.0649433
-0.0688789
-0.0727868
-0.0766837
-0.080574
-0.0844546
-0.0883244
-0.0922026
-0.0960759
-0.0999345
-0.0201895
-0.0251552
-0.0309928
-0.0362236
-0.0405809
-0.044538
-0.0485692
-0.0528239
-0.0572094
-0.0615899
-0.0659003
-0.0701476
-0.0743629
-0.078567
-0.0827625
-0.0869433
-0.0911066
-0.0952791
-0.0994516
-0.103612
-0.0165755
-0.022156
-0.0288462
-0.0346903
-0.0393919
-0.0436158
-0.0479724
-0.0526198
-0.0574126
-0.0621751
-0.0668375
-0.0714204
-0.0759672
-0.080502
-0.0850249
-0.0895262
-0.0940019
-0.0984888
-0.10298
-0.10746
-0.0125241
-0.0187682
-0.0263811
-0.0328854
-0.0379598
-0.0424845
-0.0472131
-0.0523018
-0.0575422
-0.0627176
-0.067758
-0.0727025
-0.0776077
-0.0824997
-0.087374
-0.0922162
-0.0970195
-0.101839
-0.10667
-0.111489
-0.00800706
-0.014963
-0.0235713
-0.0307864
-0.0362669
-0.0411334
-0.0462879
-0.0518721
-0.0576029
-0.0632226
-0.0686685
-0.0740031
-0.0792967
-0.0845745
-0.0898252
-0.0950298
-0.100173
-0.105342
-0.11053
-0.115706
-0.00299131
-0.0107114
-0.0203928
-0.0283718
-0.0342947
-0.0395513
-0.0451955
-0.0513362
-0.0576023
-0.0636975
-0.0695759
-0.0753298
-0.0810433
-0.0867385
-0.092399
-0.0979974
-0.103532
-0.109076
-0.114628
-0.120158
0.00255189
-0.0059927
-0.0168269
-0.0256191
-0.0320208
-0.0377258
-0.0439369
-0.0507037
-0.0575524
-0.0641554
-0.0704967
-0.0766994
-0.0828504
-0.0889604
-0.095009
-0.101006
-0.107052
-0.113067
-0.119008
-0.124884
0.00865053
-0.000795369
-0.0128621
-0.0225047
-0.0294194
-0.035645
-0.0425168
-0.0499856
-0.0574634
-0.06461
-0.0714589
-0.0781692
-0.0848288
-0.091434
-0.0979537
-0.104383
-0.110822
-0.11723
-0.12357
-0.129837
0.0153241
0.00487667
-0.00849238
-0.0189996
-0.026461
-0.0333013
-0.0409448
-0.0491923
-0.0573413
-0.0650701
-0.072479
-0.0797533
-0.0869639
-0.0940826
-0.101072
-0.107931
-0.1148
-0.121646
-0.128416
-0.135088
0.0225822
0.0110113
-0.00370295
-0.0150602
-0.0231147
-0.0306952
-0.0392333
-0.0483268
-0.0571804
-0.0655349
-0.0735668
-0.0814707
-0.0892859
-0.0969613
-0.104451
-0.111763
-0.119097
-0.126408
-0.133613
-0.140688
0.0304162
0.0176049
0.00155598
-0.0106155
-0.0193444
-0.0278276
-0.0373861
-0.0473775
-0.0569672
-0.0660043
-0.0747355
-0.0833385
-0.0918207
-0.100129
-0.108227
-0.116012
-0.123838
-0.131613
-0.139235
-0.146697
0.0387802
0.0246653
0.00737161
-0.00557278
-0.0151112
-0.0246966
-0.0353978
-0.0463302
-0.0567018
-0.066507
-0.0760277
-0.0853788
-0.0945019
-0.103335
-0.11192
-0.1206
-0.129093
-0.137334
-0.145349
-0.153181
0.0475704
0.0321884
0.0138449
0.000175513
-0.0103529
-0.0212541
-0.0331948
-0.0450955
-0.0563132
-0.0670024
-0.0774351
-0.0876499
-0.0975629
-0.107133
-0.116411
-0.125673
-0.134739
-0.143498
-0.15196
-0.160186
0.056576
0.0400837
0.0209945
0.00664963
-0.00510974
-0.0175665
-0.0308327
-0.0437458
-0.055925
-0.0676529
-0.0791304
-0.090317
-0.101118
-0.111484
-0.121418
-0.131296
-0.140956
-0.150247
-0.15917
-0.167801
0.065495
0.0482202
0.028937
0.0140738
0.000874123
-0.0132814
-0.02786
-0.0418227
-0.0551088
-0.0680228
-0.080635
-0.0928507
-0.104602
-0.115892
-0.126708
-0.137417
-0.147753
-0.157587
-0.166984
-0.176038
0.0737162
0.055749
0.0369129
0.02162
0.00668014
-0.00924177
-0.025095
-0.0402279
-0.0548212
-0.0690743
-0.0829524
-0.0963656
-0.109235
-0.121478
-0.133309
-0.14471
-0.155515
-0.16575
-0.175538
-0.184963
0.0816266
0.0637742
0.0465686
0.0307442
0.014094
-0.00320209
-0.0201712
-0.0365863
-0.0525891
-0.0681972
-0.0833314
-0.0979519
-0.112087
-0.125835
-0.139523
-0.152203
-0.163793
-0.174603
-0.184864
-0.194662
-0.0727162
-0.0744122
-0.076088
-0.077742
-0.0793733
-0.0809815
-0.0825659
-0.0841259
-0.0856606
-0.0871694
-0.0886514
-0.0901061
-0.0915328
-0.0929311
-0.0943004
-0.0956403
-0.0969504
-0.0982305
-0.0994811
-0.100704
-0.0731812
-0.0749158
-0.0766304
-0.078324
-0.0799956
-0.0816441
-0.0832686
-0.0848678
-0.0864411
-0.0879875
-0.0895061
-0.0909962
-0.0924571
-0.0938881
-0.0952885
-0.0966577
-0.0979956
-0.099302
-0.100579
-0.10183
-0.0741215
-0.0759193
-0.0776968
-0.0794526
-0.0811857
-0.0828951
-0.0845798
-0.0862389
-0.0878714
-0.0894763
-0.0910529
-0.0926003
-0.0941181
-0.0956053
-0.0970617
-0.0984867
-0.0998806
-0.101244
-0.102581
-0.103903
-0.0754418
-0.0773235
-0.0791848
-0.0810243
-0.0828412
-0.0846344
-0.086403
-0.088146
-0.0898623
-0.0915511
-0.0932117
-0.0948433
-0.0964452
-0.0980169
-0.0995581
-0.101068
-0.102548
-0.104
-0.105431
-0.10686
-0.0771168
-0.079104
-0.0810708
-0.083016
-0.0849388
-0.0868382
-0.0887132
-0.0905628
-0.0923862
-0.0941824
-0.0959508
-0.0976906
-0.0994015
-0.101083
-0.102734
-0.104356
-0.105949
-0.107517
-0.109071
-0.110642
-0.0791079
-0.0812209
-0.0833137
-0.0853852
-0.0874346
-0.0894612
-0.0914639
-0.093442
-0.0953944
-0.0973206
-0.0992198
-0.101091
-0.102935
-0.104751
-0.106538
-0.108297
-0.11003
-0.111742
-0.113451
-0.115199
-0.0813867
-0.0836458
-0.0858848
-0.088103
-0.0902997
-0.0924744
-0.0946261
-0.0967542
-0.0988578
-0.100936
-0.102989
-0.105016
-0.107017
-0.108991
-0.110939
-0.112862
-0.114762
-0.116646
-0.118539
-0.120499
-0.0839281
-0.0863531
-0.0887585
-0.0911435
-0.093508
-0.0958514
-0.0981732
-0.100473
-0.102749
-0.105002
-0.107232
-0.109437
-0.111619
-0.113776
-0.11591
-0.118022
-0.120116
-0.122201
-0.124309
-0.126516
-0.0867112
-0.0893221
-0.0919136
-0.0944855
-0.0970379
-0.0995706
-0.102083
-0.104575
-0.107047
-0.109496
-0.111925
-0.114332
-0.116718
-0.119083
-0.121429
-0.123757
-0.126072
-0.128387
-0.130741
-0.13323
-0.0897185
-0.0925357
-0.0953334
-0.0981119
-0.100872
-0.103615
-0.106339
-0.109045
-0.111732
-0.1144
-0.11705
-0.119682
-0.122297
-0.124895
-0.127477
-0.130046
-0.132611
-0.135184
-0.137816
-0.140624
-0.0929324
-0.0959764
-0.0990005
-0.102006
-0.104994
-0.107966
-0.110923
-0.113863
-0.116788
-0.119697
-0.122591
-0.125471
-0.128338
-0.131193
-0.134038
-0.136875
-0.139715
-0.142576
-0.145519
-0.148682
-0.0963517
-0.0996387
-0.102907
-0.106157
-0.109393
-0.112614
-0.115823
-0.119018
-0.122201
-0.125372
-0.128532
-0.131682
-0.134825
-0.13796
-0.141093
-0.144224
-0.147369
-0.150547
-0.153832
-0.157386
-0.0999724
-0.103516
-0.107044
-0.110558
-0.11406
-0.117549
-0.121028
-0.124498
-0.127959
-0.131412
-0.134859
-0.138302
-0.141742
-0.145182
-0.148626
-0.152078
-0.155554
-0.159079
-0.162738
-0.166718
-0.103775
-0.107597
-0.111405
-0.1152
-0.118984
-0.12276
-0.126529
-0.130291
-0.134049
-0.137804
-0.141559
-0.145315
-0.149076
-0.152843
-0.156622
-0.160417
-0.16425
-0.168147
-0.172212
-0.176653
-0.107753
-0.111874
-0.115979
-0.120072
-0.124158
-0.128237
-0.132313
-0.136386
-0.140459
-0.144534
-0.148614
-0.152703
-0.156805
-0.160921
-0.165061
-0.169225
-0.173439
-0.177734
-0.18223
-0.187163
-0.111919
-0.116355
-0.120773
-0.12518
-0.129582
-0.13398
-0.138378
-0.142778
-0.147183
-0.151596
-0.156021
-0.160459
-0.164916
-0.169396
-0.173911
-0.178467
-0.183092
-0.187816
-0.192771
-0.198221
-0.116283
-0.121048
-0.125794
-0.130529
-0.135259
-0.139989
-0.144722
-0.14946
-0.154208
-0.158972
-0.163757
-0.168564
-0.173399
-0.178262
-0.183165
-0.188116
-0.193158
-0.198329
-0.203776
-0.209775
-0.120848
-0.125955
-0.131041
-0.136116
-0.141188
-0.146263
-0.151342
-0.15643
-0.161532
-0.166651
-0.171798
-0.176978
-0.182204
-0.187475
-0.192801
-0.198178
-0.203646
-0.209257
-0.21519
-0.221753
-0.12565
-0.131106
-0.136539
-0.141962
-0.147381
-0.152805
-0.158238
-0.163687
-0.169155
-0.174646
-0.180164
-0.185714
-0.191309
-0.196967
-0.20271
-0.208544
-0.214494
-0.220592
-0.227021
-0.23413
-0.130718
-0.136524
-0.142308
-0.148081
-0.153849
-0.159621
-0.165402
-0.171205
-0.177035
-0.182906
-0.188817
-0.194774
-0.200769
-0.206809
-0.212917
-0.219133
-0.225523
-0.232135
-0.239126
-0.246817
-0.136044
-0.14221
-0.148351
-0.154479
-0.160599
-0.166724
-0.172852
-0.179
-0.185167
-0.191382
-0.197646
-0.203997
-0.210421
-0.21693
-0.223487
-0.23011
-0.23685
-0.243841
-0.251307
-0.259588
-0.141675
-0.148205
-0.154699
-0.161178
-0.167645
-0.17412
-0.180596
-0.1871
-0.193611
-0.200166
-0.206731
-0.213383
-0.220098
-0.226989
-0.234001
-0.241188
-0.248454
-0.255898
-0.263723
-0.272443
-0.147653
-0.154545
-0.161388
-0.168205
-0.175001
-0.181802
-0.188601
-0.195444
-0.2023
-0.209236
-0.216163
-0.223178
-0.230145
-0.237261
-0.244417
-0.251923
-0.259632
-0.26775
-0.276161
-0.28537
-0.15403
-0.161275
-0.168454
-0.175594
-0.182696
-0.18979
-0.196865
-0.203981
-0.211102
-0.218345
-0.225605
-0.233067
-0.240469
-0.248072
-0.255459
-0.263131
-0.270754
-0.279107
-0.287886
-0.297774
-0.16087
-0.16845
-0.175945
-0.18338
-0.190761
-0.198116
-0.205435
-0.212768
-0.220072
-0.227468
-0.234847
-0.242486
-0.250123
-0.258238
-0.266181
-0.274625
-0.282521
-0.291087
-0.299537
-0.309694
-0.168228
-0.176125
-0.183905
-0.191595
-0.199212
-0.206782
-0.21431
-0.221831
-0.229315
-0.236837
-0.244281
-0.251873
-0.259338
-0.267301
-0.275139
-0.284048
-0.292545
-0.302314
-0.311037
-0.321554
-0.176199
-0.184401
-0.192435
-0.200333
-0.208122
-0.215834
-0.223493
-0.231133
-0.238762
-0.24643
-0.254072
-0.261803
-0.269357
-0.277147
-0.284509
-0.292788
-0.300515
-0.310569
-0.319563
-0.331493
-0.184805
-0.193315
-0.201591
-0.209667
-0.217577
-0.225361
-0.233056
-0.240701
-0.248338
-0.256013
-0.26376
-0.271647
-0.279596
-0.287771
-0.295659
-0.303998
-0.31122
-0.320261
-0.327379
-0.339686
-0.194057
-0.202839
-0.211326
-0.219543
-0.227523
-0.235302
-0.24292
-0.250415
-0.257833
-0.265217
-0.272632
-0.280139
-0.287834
-0.295825
-0.304091
-0.312928
-0.321495
-0.331171
-0.338186
-0.349665
-0.204015
-0.21295
-0.221505
-0.229699
-0.237549
-0.245086
-0.252344
-0.259362
-0.266176
-0.272827
-0.279358
-0.285812
-0.292278
-0.298844
-0.305705
-0.313006
-0.320992
-0.330428
-0.339758
-0.352533
-0.102685
-0.105367
-0.107966
-0.110433
-0.112713
-0.114756
-0.116507
-0.117911
-0.118901
-0.119414
-0.119375
-0.118721
-0.117378
-0.115291
-0.1124
-0.108686
-0.104122
-0.0987392
-0.0925617
-0.085683
-0.0781826
-0.0702167
-0.0618976
-0.0534087
-0.0448481
-0.0363744
-0.0280186
-0.0198704
-0.0118462
-0.00396888
-0.103876
-0.106638
-0.109294
-0.1118
-0.114109
-0.116176
-0.117946
-0.119363
-0.120357
-0.120858
-0.12079
-0.12009
-0.118681
-0.116508
-0.113511
-0.109672
-0.104969
-0.0994338
-0.0930974
-0.0860606
-0.0784094
-0.0703086
-0.0618758
-0.0533017
-0.0446857
-0.0361896
-0.0278392
-0.0197235
-0.0117487
-0.00393565
-0.106089
-0.109015
-0.111785
-0.114367
-0.116732
-0.118846
-0.120656
-0.122099
-0.1231
-0.123582
-0.123464
-0.122677
-0.121141
-0.118803
-0.115605
-0.111528
-0.106557
-0.100733
-0.0940942
-0.0867567
-0.0788201
-0.0704641
-0.0618187
-0.053085
-0.0443679
-0.0358313
-0.0274946
-0.0194402
-0.0115609
-0.00386993
-0.109252
-0.112415
-0.115349
-0.118042
-0.12049
-0.122674
-0.124541
-0.126025
-0.127036
-0.127489
-0.127294
-0.126378
-0.124658
-0.12208
-0.118586
-0.114165
-0.108804
-0.102559
-0.0954832
-0.0877119
-0.0793658
-0.0706457
-0.0616996
-0.0527431
-0.0438884
-0.0353004
-0.0269892
-0.0190263
-0.0112877
-0.00377405
-0.1133
-0.116768
-0.119914
-0.122751
-0.125307
-0.127582
-0.129526
-0.131061
-0.132085
-0.1325
-0.132205
-0.131119
-0.129158
-0.126264
-0.122384
-0.117509
-0.111639
-0.104844
-0.0971995
-0.0888666
-0.0799938
-0.0708097
-0.0614856
-0.0522537
-0.0432347
-0.0345922
-0.0263234
-0.018485
-0.0109324
-0.00364947
-0.118182
-0.122024
-0.125429
-0.128441
-0.131129
-0.133518
-0.135558
-0.137158
-0.1382
-0.138567
-0.138148
-0.136852
-0.13459
-0.131304
-0.126942
-0.121504
-0.115002
-0.107527
-0.0991828
-0.0901629
-0.0806515
-0.0709111
-0.0611409
-0.0515916
-0.0423914
-0.0336993
-0.0254955
-0.0178174
-0.0104971
-0.00349707
-0.123868
-0.12815
-0.131858
-0.135077
-0.137924
-0.14045
-0.142608
-0.144289
-0.145353
-0.145664
-0.145094
-0.143545
-0.140921
-0.137163
-0.132221
-0.126105
-0.118844
-0.110555
-0.101377
-0.0915448
-0.0812865
-0.0709043
-0.0606292
-0.0507306
-0.0413426
-0.0326135
-0.0245029
-0.0170243
-0.00998352
-0.00331764
-0.130331
-0.135119
-0.139176
-0.142633
-0.145667
-0.148357
-0.150655
-0.152434
-0.153527
-0.153773
-0.153029
-0.151183
-0.148133
-0.143818
-0.138191
-0.131275
-0.123121
-0.113877
-0.103728
-0.0929579
-0.0818473
-0.0707443
-0.0599147
-0.049646
-0.0400731
-0.0313276
-0.0233437
-0.0161069
-0.00939368
-0.003112
-0.13755
-0.142913
-0.147363
-0.151091
-0.15434
-0.157223
-0.159689
-0.161587
-0.162718
-0.162893
-0.161949
-0.159761
-0.156218
-0.151255
-0.144833
-0.136986
-0.127795
-0.117449
-0.106185
-0.0943495
-0.0822839
-0.0703878
-0.0589641
-0.0483151
-0.0385702
-0.0298358
-0.0220177
-0.0150677
-0.00873023
-0.00288121
-0.145509
-0.151513
-0.156401
-0.160434
-0.16393
-0.167039
-0.169705
-0.171746
-0.172928
-0.173029
-0.171861
-0.169284
-0.165176
-0.15947
-0.152132
-0.143214
-0.132833
-0.121227
-0.108699
-0.0956686
-0.0825481
-0.0697941
-0.0577472
-0.0467189
-0.0368239
-0.0281354
-0.020527
-0.0139105
-0.00799657
-0.00262655
-0.15419
-0.160902
-0.166275
-0.170647
-0.174425
-0.177797
-0.180701
-0.182916
-0.184166
-0.184192
-0.182779
-0.179764
-0.175018
-0.168466
-0.160083
-0.149943
-0.138206
-0.125172
-0.111224
-0.0968661
-0.0825939
-0.0689256
-0.0562377
-0.0448421
-0.0348276
-0.0262265
-0.0188759
-0.0126407
-0.007197
-0.00234958
-0.163576
-0.171061
-0.176962
-0.18171
-0.185809
-0.18949
-0.192675
-0.195104
-0.196446
-0.196401
-0.194721
-0.191222
-0.185758
-0.178252
-0.168684
-0.157159
-0.143888
-0.129248
-0.113715
-0.0978945
-0.0823782
-0.0677481
-0.0544139
-0.0426734
-0.0325789
-0.0241128
-0.0170715
-0.0112656
-0.00633671
-0.00205217
-0.173645
-0.181966
-0.18844
-0.193602
-0.198067
-0.202108
-0.205629
-0.208317
-0.209783
-0.209677
-0.207713
-0.203681
-0.197419
-0.188841
-0.17794
-0.164854
-0.149857
-0.133418
-0.116128
-0.0987087
-0.0818604
-0.066232
-0.0522587
-0.0402061
-0.0300791
-0.0218016
-0.0151234
-0.00979378
-0.00542175
-0.00173644
-0.184371
-0.193588
-0.200676
-0.206293
-0.211176
-0.21564
-0.219563
-0.222568
-0.224199
-0.224046
-0.221785
-0.217172
-0.210026
-0.200253
-0.187858
-0.17302
-0.156091
-0.13765
-0.118421
-0.0992656
-0.0810038
-0.0643524
-0.0497597
-0.0374379
-0.027334
-0.0193033
-0.0130433
-0.00823543
-0.00445891
-0.00140469
-0.19572
-0.205889
-0.213632
-0.219749
-0.225111
-0.230072
-0.234477
-0.237871
-0.239716
-0.239541
-0.236971
-0.23173
-0.22361
-0.212508
-0.198447
-0.181654
-0.162573
-0.141912
-0.120554
-0.0995245
-0.0797755
-0.0620893
-0.0469093
-0.0343708
-0.0243533
-0.0166316
-0.0108452
-0.00660178
-0.00345556
-0.00105942
-0.207654
-0.218819
-0.227257
-0.233925
-0.23984
-0.245392
-0.250376
-0.254243
-0.256365
-0.256197
-0.253312
-0.247393
-0.238205
-0.225633
-0.20972
-0.190753
-0.169283
-0.146171
-0.122489
-0.0994474
-0.0781469
-0.0594279
-0.0437048
-0.0310117
-0.0211505
-0.0138025
-0.00854436
-0.00490496
-0.0024195
-0.000703168
-0.220119
-0.232318
-0.241488
-0.248768
-0.255326
-0.261582
-0.267263
-0.271707
-0.274179
-0.274055
-0.270853
-0.264208
-0.253851
-0.239657
-0.221692
-0.200316
-0.176205
-0.150396
-0.124187
-0.0989992
-0.0760944
-0.0563586
-0.0401481
-0.0273715
-0.0177429
-0.0108347
-0.00615745
-0.00315768
-0.00135872
-0.000338521
-0.233038
-0.246303
-0.256244
-0.26421
-0.271526
-0.278627
-0.285145
-0.290285
-0.293193
-0.293161
-0.289644
-0.282225
-0.270594
-0.254613
-0.234384
-0.210346
-0.183321
-0.154556
-0.125609
-0.0981475
-0.0735996
-0.0528768
-0.0362461
-0.0234657
-0.0141505
-0.00774802
-0.00370188
-0.0013729
-0.000281291
3.20066e-05
-0.246332
-0.260671
-0.271426
-0.280172
-0.288391
-0.296508
-0.30403
-0.310002
-0.313446
-0.313564
-0.309744
-0.301502
-0.288483
-0.270543
-0.24782
-0.220848
-0.190616
-0.158617
-0.12672
-0.0968637
-0.0706492
-0.0489833
-0.0320103
-0.0193134
-0.0103957
-0.00456367
-0.00119543
0.000436484
0.000804891
0.000406011
-0.259904
-0.275301
-0.286916
-0.296565
-0.305872
-0.315213
-0.323928
-0.330884
-0.334975
-0.335318
-0.331214
-0.322099
-0.307575
-0.287493
-0.262034
-0.231835
-0.198078
-0.162548
-0.127483
-0.0951229
-0.0672354
-0.0446833
-0.0274566
-0.014937
-0.00650249
-0.00130331
0.00134417
0.00225792
0.00189223
0.000781254
-0.273588
-0.290035
-0.302568
-0.313287
-0.32392
-0.334735
-0.344852
-0.352954
-0.357817
-0.358475
-0.354112
-0.344072
-0.327922
-0.305513
-0.277066
-0.243324
-0.205695
-0.166318
-0.127867
-0.0929049
-0.063355
-0.039987
-0.0226054
-0.0103617
-0.00249604
0.00201128
0.00389964
0.00407946
0.00297356
0.00115571
-0.287216
-0.304662
-0.318204
-0.330225
-0.34249
-0.355064
-0.366808
-0.376228
-0.381996
-0.383079
-0.378481
-0.367459
-0.349565
-0.324645
-0.292952
-0.255335
-0.213458
-0.169898
-0.127841
-0.0901944
-0.0590098
-0.0349089
-0.0174801
-0.00561438
0.00159816
0.00535869
0.00645448
0.00588993
0.00404232
0.00152757
-0.300651
-0.318943
-0.333612
-0.347257
-0.361521
-0.376157
-0.389757
-0.400678
-0.407502
-0.409117
-0.404305
-0.392258
-0.372517
-0.344915
-0.30972
-0.267881
-0.221357
-0.173261
-0.12738
-0.0869813
-0.0542059
-0.0294673
-0.0121076
-0.00072309
0.00575474
0.00871828
0.00899325
0.0076791
0.00509257
0.0018953
-0.313556
-0.332554
-0.348542
-0.364232
-0.38089
-0.397869
-0.413538
-0.426132
-0.434135
-0.436386
-0.431393
-0.418318
-0.396691
-0.366288
-0.327365
-0.280959
-0.229372
-0.176377
-0.126465
-0.0832616
-0.0489552
-0.0236857
-0.00651752
0.00428298
0.00994861
0.0120703
0.0115018
0.00943772
0.00611911
0.00225759
-0.325457
-0.345001
-0.362687
-0.380935
-0.400348
-0.419887
-0.437804
-0.452234
-0.461546
-0.464432
-0.459278
-0.445237
-0.421781
-0.388574
-0.345796
-0.294519
-0.237466
-0.179215
-0.125078
-0.0790333
-0.0432712
-0.0175891
-0.000740538
0.00937495
0.0141556
0.0153964
0.0139672
0.0111576
0.00711747
0.00261336
-0.335904
-0.355717
-0.375689
-0.39701
-0.419391
-0.441591
-0.461859
-0.478207
-0.488914
-0.492304
-0.487041
-0.472214
-0.447151
-0.411329
-0.364751
-0.308419
-0.245558
-0.181738
-0.123218
-0.0743167
-0.0371852
-0.0112134
0.00518785
0.0145226
0.018352
0.018679
0.0163779
0.0128314
0.00808377
0.00296165
-0.343771
-0.364063
-0.38707
-0.411768
-0.437076
-0.461887
-0.484474
-0.502686
-0.514683
-0.518455
-0.513238
-0.497954
-0.471721
-0.433762
-0.383723
-0.322375
-0.253503
-0.183868
-0.120846
-0.0691014
-0.0307134
-0.00458952
0.0112337
0.0196967
0.0225152
0.0219023
0.0187236
0.0144528
0.00901479
0.00330138
-0.3477
-0.369245
-0.395995
-0.42394
-0.45189
-0.479127
-0.503859
-0.523773
-0.536738
-0.541185
-0.536254
-0.520919
-0.494116
-0.454765
-0.401923
-0.335926
-0.261132
-0.185623
-0.118054
-0.0634765
-0.0239271
0.00222784
0.0173544
0.024866
0.0266238
0.0250524
0.0209968
0.0160178
0.00990927
0.00363229
-0.348093
-0.371
-0.401388
-0.432175
-0.462581
-0.4921
-0.518768
-0.540165
-0.554267
-0.559594
-0.55516
-0.540113
-0.513307
-0.473344
-0.418466
-0.348358
-0.267919
-0.186662
-0.114667
-0.0573849
-0.0168402
0.00919959
0.0235095
0.0299994
0.0306583
0.0281189
0.0231929
0.0175245
0.0107677
0.00395591
-0.347584
-0.371172
-0.404063
-0.437456
-0.470279
-0.501827
-0.53004
-0.552578
-0.56754
-0.573754
-0.569816
-0.555255
-0.528954
-0.489219
-0.433277
-0.359961
-0.274494
-0.187696
-0.111247
-0.0511624
-0.00961773
0.0162547
0.0296604
0.035061
0.0345819
0.0310686
0.0252846
0.0189527
0.0115769
0.00426794
-0.361796
-0.380892
-0.411185
-0.444804
-0.47819
-0.510095
-0.538328
-0.560654
-0.57537
-0.58083
-0.576797
-0.562337
-0.536473
-0.497388
-0.441467
-0.366749
-0.278406
-0.18789
-0.108217
-0.0459738
-0.00369251
0.0220057
0.0346387
0.0391159
0.0376784
0.033373
0.026909
0.0200639
0.012204
0.00451253
-0.365509
-0.390344
-0.422816
-0.457633
-0.491462
-0.523105
-0.550387
-0.571218
-0.584015
-0.587968
-0.582242
-0.566365
-0.539425
-0.499274
-0.441624
-0.364443
-0.273522
-0.180952
-0.100287
-0.038103
0.00328176
0.0277872
0.0391773
0.0425785
0.0402132
0.0351922
0.028165
0.020908
0.0126764
0.00469816
-0.372287
-0.40089
-0.434147
-0.469146
-0.502906
-0.533979
-0.560207
-0.579646
-0.590938
-0.593078
-0.585865
-0.568683
-0.540634
-0.499151
-0.439261
-0.359016
-0.265017
-0.17062
-0.0897279
-0.0285108
0.0112476
0.0340475
0.0439035
0.0460597
0.0427
0.0369498
0.0293702
0.0217134
0.0131261
0.00487735
-0.380155
-0.411591
-0.44559
-0.480729
-0.514271
-0.544532
-0.569437
-0.587236
-0.596716
-0.597176
-0.588471
-0.570084
-0.541124
-0.4986
-0.436833
-0.353806
-0.25702
-0.160922
-0.0797445
-0.0193458
0.0189343
0.0401386
0.0485244
0.0494606
0.045135
0.0386759
0.0305561
0.0225072
0.0135703
0.0050565
-0.389212
-0.422629
-0.457087
-0.492082
-0.525126
-0.554357
-0.577804
-0.593893
-0.601571
-0.600313
-0.590125
-0.570546
-0.540692
-0.49714
-0.433555
-0.347939
-0.248742
-0.15127
-0.0699685
-0.0104131
0.0264226
0.0460868
0.0530439
0.0527929
0.0475262
0.0403714
0.0317201
0.0232863
0.0140064
0.00523436
-0.399222
-0.433625
-0.468252
-0.502873
-0.535189
-0.56322
-0.585112
-0.599472
-0.605444
-0.60245
-0.590828
-0.570094
-0.539327
-0.494661
-0.429164
-0.341024
-0.23967
-0.141127
-0.0599583
-0.00142192
0.0338757
0.0519659
0.0574883
0.0560605
0.0498651
0.0420253
0.0328535
0.024044
0.0144305
0.00540944
-0.409677
-0.44416
-0.47871
-0.512766
-0.544165
-0.57089
-0.591203
-0.603874
-0.608332
-0.603615
-0.590644
-0.568808
-0.537101
-0.49122
-0.423718
-0.333203
-0.229959
-0.130629
-0.0498123
0.0075595
0.0412505
0.0577457
0.0618359
0.0592428
0.0521356
0.0436268
0.0339495
0.0247765
0.0148408
0.00558101
-0.41989
-0.453782
-0.488069
-0.521419
-0.551784
-0.577172
-0.595955
-0.607012
-0.609489
-0.60382
-0.589639
-0.566757
-0.534063
-0.486817
-0.417266
-0.324578
-0.219761
-0.119953
-0.039699
0.0163951
0.0484516
0.0633627
0.0660454
0.0623129
0.0543215
0.0451661
0.0350023
0.0254799
0.0152353
0.00574828
-0.429126
-0.462091
-0.495994
-0.52855
-0.557844
-0.581941
-0.59931
-0.60893
-0.610156
-0.603176
-0.587889
-0.564011
-0.530251
-0.481469
-0.409864
-0.31522
-0.209163
-0.109205
-0.0297267
0.0249877
0.0554026
0.0687601
0.0700775
0.0652456
0.0564065
0.0466325
0.0360052
0.02615
0.0156121
0.00591023
-0.436762
-0.46879
-0.502239
-0.533966
-0.562235
-0.585149
-0.601267
-0.609673
-0.609795
-0.601728
-0.585463
-0.560629
-0.525716
-0.475237
-0.401599
-0.305233
-0.198282
-0.0984987
-0.0199996
0.0332484
0.0620346
0.0738855
0.0738951
0.0680157
0.0583738
0.0480148
0.0369508
0.026782
0.0159685
0.00606561
-0.442456
-0.473686
-0.50666
-0.537564
-0.564954
-0.586831
-0.601922
-0.60932
-0.608508
-0.599578
-0.582479
-0.556735
-0.520508
-0.468177
-0.392584
-0.294766
-0.18727
-0.0879793
-0.0106394
0.0410804
0.0682755
0.0786852
0.0774606
0.0705971
0.060206
0.0493015
0.0378317
0.0273711
0.0163023
0.00621305
-0.446457
-0.476591
-0.509143
-0.539405
-0.566001
-0.587081
-0.601358
-0.60798
-0.606456
-0.596826
-0.578976
-0.55229
-0.514695
-0.460495
-0.383014
-0.283985
-0.176308
-0.0778083
-0.00177519
0.0483841
0.0740522
0.0831059
0.0807365
0.0729642
0.0618861
0.0504811
0.0386405
0.0279125
0.0166109
0.00635105
-0.447553
-0.477721
-0.509867
-0.539578
-0.565592
-0.586062
-0.599753
-0.605819
-0.603776
-0.593603
-0.575084
-0.54745
-0.508322
-0.452113
-0.372986
-0.273228
-0.165595
-0.0681594
0.00646388
0.0550646
0.0792959
0.0870979
0.0836885
0.0750933
0.0633984
0.0515434
0.0393705
0.0284017
0.0168919
0.00647805
-0.446944
-0.47713
-0.509006
-0.538311
-0.563925
-0.583986
-0.597303
-0.60301
-0.600588
-0.590026
-0.570895
-0.542296
-0.501613
-0.443468
-0.36269
-0.262487
-0.155441
-0.0592177
0.0139527
0.0610351
0.0839458
0.0906183
0.0862869
0.0769645
0.0647297
0.0524792
0.0400155
0.0288345
0.0171429
0.00659248
-0.444865
-0.475174
-0.506879
-0.535917
-0.561298
-0.58112
-0.594245
-0.59977
-0.597101
-0.586242
-0.566548
-0.536984
-0.494771
-0.434808
-0.352654
-0.25212
-0.145998
-0.0511462
0.0205785
0.0662219
0.0879523
0.0936338
0.0885096
0.0785632
0.06587
0.0532819
0.040571
0.029208
0.017362
0.0066929
-0.441823
-0.472313
-0.503908
-0.532793
-0.558073
-0.577788
-0.590866
-0.596351
-0.593626
-0.582437
-0.562235
-0.531746
-0.488092
-0.426485
-0.343241
-0.242677
-0.137397
-0.0441421
0.0262425
0.0705697
0.0912805
0.0961238
0.0903437
0.0798814
0.0668137
0.0539475
0.041034
0.0295198
0.0175474
0.00677806
-0.438387
-0.469077
-0.50059
-0.529407
-0.554675
-0.574373
-0.587497
-0.593027
-0.590341
-0.57887
-0.55821
-0.526885
-0.481957
-0.418948
-0.334872
-0.234483
-0.130156
-0.0382377
0.0308578
0.0740422
0.093916
0.0980828
0.0917873
0.0809187
0.0675598
0.054475
0.0414031
0.0297688
0.0176975
0.006847
-0.435155
-0.466018
-0.49746
-0.526261
-0.551563
-0.57129
-0.584504
-0.590109
-0.587409
-0.575809
-0.55478
-0.52276
-0.476796
-0.412683
-0.328016
-0.227883
-0.124464
-0.0336392
0.0343537
0.0766253
0.0958635
0.0995208
0.0928488
0.0816814
0.0681114
0.0548661
0.0416784
0.0299548
0.0178112
0.00689907
-0.432663
-0.46364
-0.49503
-0.523838
-0.54918
-0.568949
-0.582253
-0.587932
-0.585255
-0.573548
-0.552259
-0.51974
-0.473043
-0.408165
-0.323127
-0.223233
-0.120511
-0.0305284
0.0367143
0.0783273
0.0971414
0.100459
0.0935428
0.0821801
0.0684742
0.0551239
0.0418608
0.0300783
0.0178875
0.0069339
-0.431311
-0.462339
-0.493704
-0.522518
-0.547887
-0.567684
-0.581042
-0.586765
-0.584107
-0.572344
-0.550918
-0.518138
-0.471061
-0.405791
-0.320575
-0.220824
-0.11848
-0.0289561
0.0379026
0.079168
0.0977726
0.10092
0.0938849
0.0824261
0.0686537
0.0552517
0.0419516
0.0301398
0.0179258
0.00695135
)
;

boundaryField
{
    inlet
    {
        type            zeroGradient;
    }
    outlet
    {
        type            fixedValue;
        value           uniform 0;
    }
    cylinder
    {
        type            zeroGradient;
    }
    top
    {
        type            symmetryPlane;
    }
    bottom
    {
        type            symmetryPlane;
    }
    defaultFaces
    {
        type            empty;
    }
}


// ************************************************************************* //
