(0.5 0.0 -0.005) // 0
(0.3535533905932738 0.35355339059327373 -0.005) // 1
(3.061616997868383e-17 0.5 -0.005) // 2
(-0.35355339059327373 0.3535533905932738 -0.005) // 3
(-0.5 6.123233995736766e-17 -0.005) // 4
(-0.35355339059327384 -0.35355339059327373 -0.005) // 5
(-9.184850993605148e-17 -0.5 -0.005) // 6
(0.35355339059327373 -0.35355339059327384 -0.005) // 7
(1.0 0.0 -0.005) // 8
(0.7071067811865476 0.7071067811865475 -0.005) // 9
(6.123233995736766e-17 1.0 -0.005) // 10
(-0.7071067811865475 0.7071067811865476 -0.005) // 11
(-1.0 1.2246467991473532e-16 -0.005) // 12
(-0.7071067811865477 -0.7071067811865475 -0.005) // 13
(-1.8369701987210297e-16 -1.0 -0.005) // 14
(0.7071067811865475 -0.7071067811865477 -0.005) // 15
(6 0 -0.005) // 16
(6 0.7071067811865475 -0.005) // 17
(6 4 -0.005) // 18
(0.7071067811865476 4 -0.005) // 19
(0 4 -0.005) // 20
(-0.7071067811865475 4 -0.005) // 21
(-6 4 -0.005) // 22
(-6 0.7071067811865476 -0.005) // 23
(-6 0 -0.005) // 24
(-6 -0.7071067811865475 -0.005) // 25
(-6 -4 -0.005) // 26
(-0.7071067811865477 -4 -0.005) // 27
(0 -4 -0.005) // 28
(0.7071067811865475 -4 -0.005) // 29
(6 -4 -0.005) // 30
(6 -0.7071067811865477 -0.005) // 31
(0.5 0.0 0.005) // 32
(0.3535533905932738 0.35355339059327373 0.005) // 33
(3.061616997868383e-17 0.5 0.005) // 34
(-0.35355339059327373 0.3535533905932738 0.005) // 35
(-0.5 6.123233995736766e-17 0.005) // 36
(-0.35355339059327384 -0.35355339059327373 0.005) // 37
(-9.184850993605148e-17 -0.5 0.005) // 38
(0.35355339059327373 -0.35355339059327384 0.005) // 39
(1.0 0.0 0.005) // 40
(0.7071067811865476 0.7071067811865475 0.005) // 41
(6.123233995736766e-17 1.0 0.005) // 42
(-0.7071067811865475 0.7071067811865476 0.005) // 43
(-1.0 1.2246467991473532e-16 0.005) // 44
(-0.7071067811865477 -0.7071067811865475 0.005) // 45
(-1.8369701987210297e-16 -1.0 0.005) // 46
(0.7071067811865475 -0.7071067811865477 0.005) // 47
(6 0 0.005) // 48
(6 0.7071067811865475 0.005) // 49
(6 4 0.005) // 50
(0.7071067811865476 4 0.005) // 51
(0 4 0.005) // 52
(-0.7071067811865475 4 0.005) // 53
(-6 4 0.005) // 54
(-6 0.7071067811865476 0.005) // 55
(-6 0 0.005) // 56
(-6 -0.7071067811865475 0.005) // 57
(-6 -4 0.005) // 58
(-0.7071067811865477 -4 0.005) // 59
(0 -4 0.005) // 60
(0.7071067811865475 -4 0.005) // 61
(6 -4 0.005) // 62
(6 -0.7071067811865477 0.005) // 63
