/*--------------------------------*- C++ -*----------------------------------*\
  =========                 |
  \\      /  F ield         | OpenFOAM: The Open Source CFD Toolbox
   \\    /   O peration     | Website:  https://openfoam.org
    \\  /    A nd           | Version:  7
     \\/     M anipulation  |
\*---------------------------------------------------------------------------*/
FoamFile
{
    version     2.0;
    format      ascii;
    class       volScalarField;
    location    "15";
    object      p;
}
// * * * * * * * * * * * * * * * * * * * * * * * * * * * * * * * * * * * * * //

dimensions      [0 2 -2 0 0 0 0];

internalField   nonuniform List<scalar> 
8500
(
-0.275326
-0.278288
-0.279957
-0.282286
-0.285606
-0.290138
-0.296108
-0.303755
-0.313399
-0.325656
-0.275839
-0.278709
-0.28035
-0.282657
-0.285957
-0.290472
-0.296427
-0.304064
-0.313686
-0.325925
-0.27683
-0.279522
-0.281107
-0.283369
-0.28663
-0.291108
-0.29703
-0.304642
-0.314215
-0.326402
-0.27824
-0.280674
-0.282175
-0.284368
-0.287566
-0.291983
-0.297846
-0.305409
-0.314902
-0.326968
-0.279983
-0.282092
-0.283481
-0.285579
-0.288687
-0.293013
-0.298781
-0.306259
-0.315636
-0.327467
-0.281958
-0.283689
-0.284942
-0.286916
-0.2899
-0.294099
-0.299724
-0.307065
-0.316296
-0.327717
-0.284058
-0.285378
-0.286469
-0.288289
-0.291111
-0.295136
-0.300563
-0.307695
-0.316761
-0.32754
-0.286179
-0.287074
-0.287981
-0.289611
-0.292226
-0.296026
-0.30119
-0.30802
-0.316924
-0.326781
-0.288228
-0.288703
-0.289406
-0.29081
-0.293169
-0.296683
-0.301519
-0.307927
-0.316675
-0.325376
-0.290128
-0.290208
-0.290694
-0.291833
-0.293881
-0.297043
-0.301489
-0.307356
-0.315835
-0.323555
-0.29182
-0.291554
-0.291808
-0.29265
-0.29433
-0.29707
-0.301045
-0.306372
-0.314304
-0.32115
-0.293272
-0.292721
-0.29274
-0.293251
-0.29451
-0.29676
-0.300197
-0.304902
-0.312288
-0.318049
-0.294472
-0.293711
-0.293495
-0.29365
-0.29444
-0.296141
-0.29898
-0.303002
-0.309854
-0.314371
-0.295429
-0.294538
-0.294096
-0.293877
-0.294161
-0.295267
-0.29746
-0.300789
-0.307089
-0.310304
-0.296172
-0.295231
-0.294576
-0.293976
-0.293733
-0.294217
-0.295727
-0.298417
-0.304134
-0.306074
-0.296747
-0.295827
-0.294975
-0.293999
-0.293226
-0.293087
-0.293887
-0.296084
-0.301109
-0.301973
-0.297216
-0.296374
-0.29534
-0.294002
-0.292716
-0.291985
-0.292047
-0.294025
-0.298011
-0.298432
-0.297655
-0.296928
-0.295725
-0.294049
-0.292286
-0.291021
-0.290307
-0.292508
-0.294726
-0.29563
-0.298156
-0.297555
-0.296189
-0.294207
-0.292019
-0.290298
-0.288777
-0.291751
-0.29135
-0.293969
-0.298816
-0.298332
-0.296795
-0.294548
-0.291999
-0.289895
-0.28761
-0.291399
-0.288369
-0.29534
-0.299737
-0.29931
-0.297632
-0.295145
-0.292297
-0.289864
-0.287116
-0.290628
-0.286399
-0.300363
-0.301014
-0.30058
-0.298745
-0.296054
-0.292967
-0.290225
-0.287329
-0.289237
-0.286533
-0.293923
-0.302729
-0.302203
-0.300184
-0.297311
-0.294027
-0.290975
-0.28794
-0.288134
-0.286304
-0.288583
-0.304944
-0.304225
-0.301983
-0.298922
-0.295454
-0.292066
-0.288705
-0.287533
-0.285327
-0.284932
-0.3077
-0.306662
-0.304171
-0.30088
-0.29719
-0.293391
-0.289568
-0.287208
-0.283998
-0.281645
-0.311032
-0.309547
-0.306748
-0.303179
-0.299166
-0.294863
-0.290511
-0.286968
-0.282362
-0.278484
-0.314978
-0.3129
-0.309731
-0.305818
-0.301329
-0.296485
-0.291484
-0.2866
-0.280495
-0.275165
-0.319527
-0.316778
-0.313164
-0.308802
-0.303691
-0.29829
-0.292385
-0.285984
-0.278353
-0.271652
-0.324741
-0.321216
-0.317104
-0.312133
-0.306348
-0.300249
-0.293106
-0.285049
-0.275919
-0.267905
-0.330668
-0.326274
-0.321609
-0.315844
-0.309396
-0.302263
-0.293564
-0.283764
-0.273178
-0.263901
-0.337359
-0.332027
-0.326716
-0.320032
-0.312826
-0.304215
-0.293703
-0.282113
-0.270123
-0.259619
-0.344863
-0.338542
-0.332431
-0.324823
-0.316517
-0.305998
-0.293481
-0.280086
-0.266741
-0.255034
-0.353211
-0.345861
-0.338767
-0.330251
-0.320304
-0.307509
-0.292862
-0.277667
-0.263014
-0.250118
-0.362413
-0.353973
-0.345759
-0.336194
-0.32402
-0.308658
-0.291802
-0.274831
-0.258912
-0.244837
-0.372439
-0.362813
-0.353439
-0.34241
-0.327489
-0.309353
-0.290251
-0.271542
-0.254395
-0.239153
-0.383212
-0.372265
-0.361756
-0.348623
-0.330532
-0.309499
-0.288149
-0.267754
-0.249415
-0.233025
-0.394593
-0.382183
-0.370512
-0.354565
-0.332972
-0.30899
-0.285427
-0.263408
-0.243919
-0.226413
-0.40637
-0.392398
-0.379365
-0.359972
-0.334639
-0.307715
-0.282003
-0.258439
-0.237848
-0.219281
-0.418255
-0.402704
-0.387885
-0.364558
-0.335367
-0.305558
-0.277791
-0.252776
-0.231143
-0.211599
-0.42989
-0.412834
-0.39562
-0.368031
-0.334984
-0.302403
-0.272701
-0.246345
-0.22375
-0.203346
-0.440861
-0.422436
-0.402145
-0.370104
-0.333319
-0.29813
-0.26664
-0.239073
-0.21562
-0.194499
-0.45072
-0.431069
-0.407077
-0.370519
-0.330208
-0.29262
-0.259516
-0.230885
-0.206707
-0.18503
-0.459006
-0.438234
-0.410084
-0.369058
-0.325496
-0.285762
-0.25124
-0.221707
-0.196957
-0.174909
-0.465271
-0.443417
-0.41087
-0.365539
-0.319053
-0.277455
-0.241734
-0.211472
-0.186303
-0.164067
-0.469101
-0.446153
-0.409158
-0.359808
-0.310766
-0.267614
-0.230936
-0.200127
-0.17467
-0.152347
-0.470127
-0.446049
-0.404697
-0.351738
-0.300545
-0.256169
-0.218793
-0.187643
-0.162018
-0.139518
-0.468036
-0.442781
-0.397295
-0.341229
-0.288322
-0.24306
-0.205249
-0.173995
-0.148411
-0.125447
-0.462571
-0.436109
-0.386816
-0.328211
-0.274049
-0.228242
-0.190256
-0.159136
-0.133949
-0.110401
-0.45353
-0.425869
-0.373187
-0.312647
-0.257696
-0.211696
-0.17383
-0.143094
-0.118478
-0.0949876
-0.440776
-0.41197
-0.356385
-0.294532
-0.239253
-0.193452
-0.156084
-0.126167
-0.101739
-0.0791581
-0.424226
-0.394391
-0.336448
-0.273894
-0.218748
-0.173606
-0.137117
-0.108095
-0.0840598
-0.0627665
-0.40386
-0.373173
-0.313467
-0.250808
-0.196283
-0.152228
-0.116868
-0.0889002
-0.0655981
-0.0457865
-0.379721
-0.348424
-0.287556
-0.225366
-0.171997
-0.129296
-0.0953787
-0.068672
-0.0464216
-0.0282705
-0.351922
-0.320343
-0.258755
-0.197671
-0.145942
-0.104933
-0.0727319
-0.0475066
-0.0265727
-0.0102824
-0.320644
-0.289213
-0.227003
-0.167879
-0.118243
-0.0792672
-0.0490364
-0.0254944
-0.00609927
0.00813462
-0.286094
-0.255235
-0.192605
-0.136096
-0.0890482
-0.0524413
-0.0244072
-0.00272277
0.0149159
0.026843
-0.248469
-0.218188
-0.156367
-0.102577
-0.0585206
-0.0245951
0.0010531
0.0207224
0.0362779
0.0453594
-0.208037
-0.178155
-0.118729
-0.0676987
-0.0268605
0.00413313
0.0272548
0.044733
0.0576331
0.0629248
-0.165099
-0.135836
-0.0796322
-0.0317278
0.00571045
0.0335931
0.0540765
0.0691246
0.0786664
0.0794742
-0.119892
-0.0919249
-0.0392483
0.00512318
0.0389728
0.063608
0.0813078
0.0935832
0.0994385
0.096956
-0.0729725
-0.0467597
0.00212953
0.0426294
0.0727118
0.0939758
0.108677
0.117765
0.120021
0.119395
-0.0247852
-0.000677669
0.0441715
0.0805387
0.106706
0.12448
0.135968
0.141726
0.141232
0.141582
0.0242175
0.0459419
0.0865352
0.11858
0.14072
0.154901
0.163061
0.165648
0.162957
0.162621
0.0735808
0.0927063
0.128876
0.15647
0.174512
0.185028
0.189819
0.189382
0.184631
0.182772
0.122849
0.139217
0.17085
0.193925
0.207838
0.214666
0.216113
0.212775
0.205909
0.20205
0.17157
0.185078
0.212118
0.230658
0.240455
0.243613
0.241771
0.235618
0.226593
0.220549
0.2193
0.2299
0.252349
0.26639
0.272128
0.271676
0.266625
0.257732
0.246518
0.238208
0.265616
0.273301
0.291219
0.300847
0.302624
0.298658
0.290498
0.278953
0.26557
0.254977
0.310114
0.314903
0.328415
0.333767
0.331721
0.32437
0.313224
0.299133
0.283629
0.270776
0.352405
0.354353
0.363638
0.364897
0.359205
0.348629
0.334646
0.318136
0.300589
0.28553
0.392116
0.39132
0.396606
0.394002
0.384875
0.371263
0.354615
0.335834
0.316346
0.299164
0.428901
0.4255
0.427058
0.420858
0.408541
0.392112
0.372994
0.352112
0.330806
0.311613
0.462438
0.456614
0.454755
0.445264
0.430031
0.411029
0.389659
0.366861
0.343881
0.322815
0.492439
0.484409
0.479478
0.467034
0.449188
0.42788
0.404495
0.379986
0.355493
0.332718
0.518646
0.50866
0.501035
0.486005
0.465873
0.442548
0.417403
0.391399
0.365574
0.341279
0.540834
0.529171
0.519259
0.502036
0.479965
0.454931
0.428294
0.401026
0.374064
0.348461
0.558813
0.54578
0.534009
0.515005
0.491362
0.464941
0.437097
0.408804
0.380915
0.354236
0.572433
0.558354
0.545172
0.524818
0.499982
0.47251
0.443751
0.414682
0.386087
0.358584
0.581577
0.566792
0.552662
0.5314
0.505763
0.477585
0.448211
0.418622
0.389551
0.36149
0.586169
0.571028
0.556421
0.534703
0.508664
0.480131
0.450449
0.420599
0.391288
0.362945
0.586169
0.571028
0.556421
0.534703
0.508664
0.480131
0.450449
0.420599
0.391288
0.362945
0.581577
0.566792
0.552662
0.5314
0.505763
0.477585
0.448211
0.418622
0.389551
0.36149
0.572433
0.558354
0.545172
0.524818
0.499982
0.47251
0.443751
0.414682
0.386087
0.358584
0.558814
0.545781
0.53401
0.515005
0.491362
0.464941
0.437097
0.408804
0.380915
0.354236
0.540834
0.529172
0.519259
0.502036
0.479965
0.454931
0.428295
0.401026
0.374065
0.348461
0.518646
0.50866
0.501035
0.486006
0.465873
0.442549
0.417403
0.391399
0.365574
0.341279
0.49244
0.48441
0.479478
0.467034
0.449189
0.427881
0.404495
0.379986
0.355493
0.332719
0.462439
0.456615
0.454755
0.445264
0.430031
0.411029
0.389659
0.366862
0.343881
0.322815
0.428901
0.425501
0.427059
0.420859
0.408541
0.392113
0.372995
0.352112
0.330806
0.311613
0.392117
0.391321
0.396607
0.394002
0.384875
0.371264
0.354615
0.335835
0.316346
0.299165
0.352406
0.354353
0.363639
0.364898
0.359206
0.34863
0.334647
0.318136
0.300589
0.28553
0.310115
0.314904
0.328416
0.333768
0.331722
0.324371
0.313225
0.299133
0.283629
0.270777
0.265617
0.273302
0.29122
0.300848
0.302625
0.298659
0.290499
0.278954
0.26557
0.254978
0.219301
0.229901
0.25235
0.266391
0.272129
0.271677
0.266625
0.257732
0.246518
0.238208
0.171571
0.185079
0.212119
0.230659
0.240456
0.243614
0.241772
0.235619
0.226594
0.22055
0.12285
0.139218
0.170851
0.193926
0.207839
0.214666
0.216113
0.212775
0.20591
0.202051
0.0735822
0.0927076
0.128877
0.156471
0.174513
0.185029
0.189819
0.189383
0.184631
0.182773
0.024219
0.0459433
0.0865364
0.118581
0.140721
0.154902
0.163062
0.165649
0.162958
0.162622
-0.0247837
-0.000676242
0.0441728
0.0805398
0.106707
0.124481
0.135968
0.141727
0.141233
0.141583
-0.0729709
-0.0467582
0.00213086
0.0426306
0.0727129
0.0939768
0.108678
0.117766
0.120021
0.119396
-0.11989
-0.0919234
-0.0392469
0.00512441
0.0389739
0.063609
0.0813087
0.0935841
0.0994393
0.0969568
-0.165098
-0.135835
-0.0796308
-0.0317266
0.00571161
0.0335941
0.0540774
0.0691255
0.0786672
0.079475
-0.208035
-0.178153
-0.118727
-0.0676974
-0.0268593
0.00413422
0.0272558
0.044734
0.057634
0.0629256
-0.248467
-0.218187
-0.156366
-0.102575
-0.0585193
-0.024594
0.00105414
0.0207233
0.0362788
0.0453602
-0.286092
-0.255233
-0.192603
-0.136095
-0.0890469
-0.0524401
-0.0244062
-0.00272178
0.0149168
0.0268438
-0.320643
-0.289212
-0.227002
-0.167878
-0.118242
-0.079266
-0.0490353
-0.0254934
-0.00609833
0.0081355
-0.35192
-0.320341
-0.258753
-0.19767
-0.145941
-0.104931
-0.0727308
-0.0475056
-0.0265718
-0.0102815
-0.37972
-0.348422
-0.287554
-0.225364
-0.171996
-0.129295
-0.0953775
-0.068671
-0.0464206
-0.0282696
-0.403859
-0.373171
-0.313465
-0.250806
-0.196281
-0.152227
-0.116867
-0.0888991
-0.0655971
-0.0457855
-0.424224
-0.394389
-0.336446
-0.273893
-0.218747
-0.173605
-0.137116
-0.108094
-0.0840587
-0.0627655
-0.440774
-0.411968
-0.356383
-0.29453
-0.239252
-0.193451
-0.156082
-0.126166
-0.101738
-0.0791572
-0.453529
-0.425867
-0.373185
-0.312646
-0.257695
-0.211695
-0.173828
-0.143093
-0.118477
-0.0949866
-0.462569
-0.436108
-0.386815
-0.328209
-0.274048
-0.228241
-0.190254
-0.159135
-0.133948
-0.1104
-0.468035
-0.44278
-0.397293
-0.341227
-0.28832
-0.243059
-0.205248
-0.173994
-0.14841
-0.125446
-0.470126
-0.446047
-0.404696
-0.351737
-0.300544
-0.256168
-0.218792
-0.187642
-0.162017
-0.139517
-0.469099
-0.446152
-0.409156
-0.359807
-0.310765
-0.267613
-0.230935
-0.200125
-0.174668
-0.152346
-0.46527
-0.443415
-0.410868
-0.365537
-0.319052
-0.277453
-0.241733
-0.21147
-0.186302
-0.164066
-0.459005
-0.438232
-0.410082
-0.369057
-0.325495
-0.285761
-0.251239
-0.221706
-0.196956
-0.174908
-0.450718
-0.431068
-0.407076
-0.370518
-0.330206
-0.292619
-0.259515
-0.230884
-0.206706
-0.185029
-0.44086
-0.422435
-0.402144
-0.370103
-0.333318
-0.298129
-0.266639
-0.239072
-0.215619
-0.194497
-0.429889
-0.412833
-0.395619
-0.368029
-0.334983
-0.302402
-0.272699
-0.246344
-0.223749
-0.203345
-0.418254
-0.402702
-0.387883
-0.364557
-0.335365
-0.305557
-0.27779
-0.252775
-0.231142
-0.211598
-0.406369
-0.392396
-0.379364
-0.359971
-0.334638
-0.307713
-0.282001
-0.258438
-0.237846
-0.21928
-0.394592
-0.382182
-0.370511
-0.354564
-0.332971
-0.308988
-0.285425
-0.263407
-0.243918
-0.226412
-0.383211
-0.372264
-0.361755
-0.348621
-0.330531
-0.309497
-0.288148
-0.267752
-0.249414
-0.233024
-0.372438
-0.362812
-0.353438
-0.342409
-0.327488
-0.309352
-0.29025
-0.271541
-0.254393
-0.239152
-0.362412
-0.353972
-0.345758
-0.336193
-0.324018
-0.308656
-0.2918
-0.274829
-0.25891
-0.244835
-0.35321
-0.345859
-0.338766
-0.33025
-0.320303
-0.307508
-0.292861
-0.277665
-0.263013
-0.250116
-0.344862
-0.338541
-0.33243
-0.324822
-0.316516
-0.305996
-0.29348
-0.280084
-0.26674
-0.255032
-0.337358
-0.332026
-0.326715
-0.320031
-0.312825
-0.304214
-0.293702
-0.282112
-0.270122
-0.259618
-0.330666
-0.326273
-0.321608
-0.315843
-0.309395
-0.302261
-0.293563
-0.283762
-0.273177
-0.263899
-0.324739
-0.321214
-0.317103
-0.312132
-0.306347
-0.300248
-0.293105
-0.285048
-0.275918
-0.267903
-0.319526
-0.316777
-0.313163
-0.308801
-0.30369
-0.298289
-0.292384
-0.285983
-0.278351
-0.27165
-0.314977
-0.312899
-0.30973
-0.305817
-0.301328
-0.296484
-0.291483
-0.286599
-0.280494
-0.275163
-0.311031
-0.309546
-0.306747
-0.303178
-0.299165
-0.294862
-0.29051
-0.286967
-0.282361
-0.278483
-0.307699
-0.30666
-0.30417
-0.300879
-0.297189
-0.29339
-0.289567
-0.287207
-0.283997
-0.281643
-0.304943
-0.304224
-0.301982
-0.298921
-0.295453
-0.292065
-0.288704
-0.287532
-0.285326
-0.28493
-0.302728
-0.302202
-0.300183
-0.29731
-0.294026
-0.290974
-0.28794
-0.288133
-0.286302
-0.288581
-0.301013
-0.300579
-0.298744
-0.296053
-0.292966
-0.290224
-0.287328
-0.289236
-0.286531
-0.293921
-0.299735
-0.299309
-0.297631
-0.295144
-0.292296
-0.289863
-0.287115
-0.290627
-0.286398
-0.300361
-0.298815
-0.29833
-0.296794
-0.294547
-0.291998
-0.289894
-0.287609
-0.291398
-0.288367
-0.295338
-0.298154
-0.297554
-0.296188
-0.294206
-0.292018
-0.290297
-0.288776
-0.29175
-0.291349
-0.293967
-0.297654
-0.296926
-0.295724
-0.294048
-0.292285
-0.29102
-0.290306
-0.292507
-0.294724
-0.295628
-0.297214
-0.296373
-0.295339
-0.294001
-0.292715
-0.291984
-0.292045
-0.294023
-0.298009
-0.298429
-0.296745
-0.295826
-0.294974
-0.293998
-0.293225
-0.293086
-0.293885
-0.296082
-0.301107
-0.30197
-0.296171
-0.295229
-0.294575
-0.293975
-0.293732
-0.294215
-0.295726
-0.298416
-0.304132
-0.306071
-0.295428
-0.294537
-0.294095
-0.293876
-0.29416
-0.295265
-0.297458
-0.300787
-0.307087
-0.310301
-0.294471
-0.29371
-0.293494
-0.293649
-0.294439
-0.29614
-0.298979
-0.303
-0.309852
-0.314369
-0.293271
-0.29272
-0.292738
-0.29325
-0.294509
-0.296759
-0.300195
-0.3049
-0.312286
-0.318046
-0.291819
-0.291552
-0.291807
-0.292649
-0.294329
-0.297068
-0.301043
-0.30637
-0.314302
-0.321147
-0.290126
-0.290207
-0.290692
-0.291832
-0.29388
-0.297042
-0.301487
-0.307354
-0.315832
-0.323552
-0.288227
-0.288702
-0.289405
-0.290809
-0.293168
-0.296681
-0.301518
-0.307925
-0.316673
-0.325373
-0.286178
-0.287073
-0.28798
-0.28961
-0.292225
-0.296024
-0.301188
-0.308018
-0.316922
-0.326779
-0.284057
-0.285377
-0.286468
-0.288288
-0.29111
-0.295135
-0.300561
-0.307694
-0.316759
-0.327538
-0.281957
-0.283688
-0.284941
-0.286915
-0.289899
-0.294098
-0.299723
-0.307064
-0.316294
-0.327715
-0.279982
-0.282091
-0.28348
-0.285578
-0.288686
-0.293012
-0.29878
-0.306257
-0.315634
-0.327465
-0.27824
-0.280673
-0.282174
-0.284367
-0.287565
-0.291982
-0.297845
-0.305408
-0.3149
-0.326967
-0.27683
-0.279521
-0.281106
-0.283368
-0.286629
-0.291107
-0.297029
-0.304641
-0.314214
-0.3264
-0.275838
-0.278708
-0.28035
-0.282656
-0.285957
-0.290472
-0.296427
-0.304064
-0.313686
-0.325924
-0.275326
-0.278288
-0.279957
-0.282286
-0.285606
-0.290138
-0.296108
-0.303755
-0.313399
-0.325655
-0.34113
-0.359267
-0.380442
-0.403827
-0.429157
-0.455374
-0.48146
-0.506012
-0.527653
-0.544955
-0.55672
-0.561898
-0.55936
-0.548104
-0.526937
-0.494
-0.446947
-0.384697
-0.306685
-0.218643
-0.126141
-0.0444438
0.0171429
0.0576883
0.0735998
0.0765724
0.0669643
0.0538711
0.0343301
0.0146022
-0.341547
-0.359662
-0.380869
-0.404293
-0.429668
-0.455938
-0.48207
-0.506662
-0.52833
-0.54565
-0.557425
-0.56261
-0.560101
-0.548916
-0.527854
-0.495072
-0.44817
-0.386059
-0.308102
-0.220023
-0.127339
-0.0453634
0.0164192
0.0571773
0.0732055
0.0762812
0.0667379
0.0537143
0.0342238
0.0145542
-0.342306
-0.360375
-0.38164
-0.405137
-0.430601
-0.456971
-0.483195
-0.507867
-0.529593
-0.546951
-0.55875
-0.563955
-0.561502
-0.550459
-0.529603
-0.497124
-0.45052
-0.38868
-0.31084
-0.2227
-0.129683
-0.047182
0.0149779
0.0561449
0.0724083
0.075689
0.0662802
0.0533966
0.0340107
0.0144579
-0.343268
-0.361258
-0.382601
-0.406198
-0.431788
-0.458303
-0.484662
-0.509455
-0.531272
-0.548697
-0.560542
-0.56579
-0.563444
-0.552593
-0.532035
-0.499992
-0.453824
-0.392386
-0.314732
-0.226528
-0.133077
-0.049859
0.0128318
0.0545758
0.0711946
0.0747798
0.065583
0.0529115
0.0336902
0.0143131
-0.344244
-0.362123
-0.383549
-0.407266
-0.433012
-0.459709
-0.486246
-0.511204
-0.533155
-0.550684
-0.56261
-0.567938
-0.565703
-0.555144
-0.534966
-0.503475
-0.457872
-0.396957
-0.319571
-0.231328
-0.137415
-0.0533303
0.0100036
0.0524564
0.0695507
0.0735369
0.0646378
0.052252
0.0332621
0.0141198
-0.345019
-0.362757
-0.384259
-0.408111
-0.434032
-0.460944
-0.4877
-0.512871
-0.535008
-0.552693
-0.564749
-0.570209
-0.568129
-0.557938
-0.538206
-0.507364
-0.462441
-0.402167
-0.32514
-0.236917
-0.142588
-0.0575075
0.00652449
0.0497815
0.0674684
0.0719488
0.0634388
0.051413
0.032727
0.0138787
-0.345383
-0.362951
-0.384514
-0.408505
-0.434616
-0.461767
-0.488784
-0.514221
-0.536608
-0.554517
-0.566771
-0.572434
-0.57068
-0.5608
-0.541578
-0.511463
-0.46732
-0.407796
-0.331229
-0.243147
-0.148378
-0.0623562
0.00243761
0.0465587
0.0649476
0.070012
0.061985
0.0503931
0.0320871
0.0135915
-0.345154
-0.362525
-0.384128
-0.408253
-0.434556
-0.461966
-0.489283
-0.515045
-0.537756
-0.555969
-0.568504
-0.574456
-0.573035
-0.563582
-0.544928
-0.515603
-0.47232
-0.413644
-0.337671
-0.249853
-0.1546
-0.0678044
-0.00220694
0.0428087
0.0619987
0.0677323
0.0602817
0.0491954
0.0313462
0.0132607
-0.344229
-0.361341
-0.382973
-0.407204
-0.433686
-0.461368
-0.489021
-0.515168
-0.538282
-0.556893
-0.569808
-0.576141
-0.575125
-0.566167
-0.548129
-0.519636
-0.477287
-0.419559
-0.344321
-0.256568
-0.161365
-0.073746
-0.00735225
0.0385645
0.0586411
0.0651241
0.0583397
0.0478274
0.0305101
0.0128897
-0.342127
-0.359413
-0.380956
-0.40526
-0.431921
-0.459858
-0.487868
-0.514451
-0.53805
-0.557163
-0.570565
-0.577384
-0.57686
-0.568461
-0.551082
-0.523457
-0.482092
-0.425427
-0.350776
-0.263499
-0.168394
-0.0800943
-0.0129359
0.0338688
0.0549033
0.062209
0.0561754
0.0463002
0.029586
0.0124825
-0.339278
-0.3567
-0.378056
-0.402394
-0.429145
-0.457345
-0.485739
-0.512813
-0.536986
-0.556678
-0.570682
-0.578098
-0.57816
-0.570393
-0.553715
-0.527033
-0.486512
-0.43087
-0.357285
-0.270418
-0.175587
-0.0867624
-0.0188918
0.0287719
0.0508207
0.0590144
0.0538091
0.0446281
0.0285825
0.0120436
-0.335765
-0.353226
-0.374341
-0.398644
-0.425443
-0.45385
-0.48261
-0.510194
-0.534965
-0.555375
-0.570084
-0.578204
-0.578957
-0.571885
-0.55594
-0.530077
-0.490688
-0.436052
-0.36352
-0.277229
-0.182836
-0.0936638
-0.0251521
0.0233288
0.0464342
0.0555715
0.0512639
0.0428275
0.0275092
0.0115776
-0.331713
-0.349152
-0.36992
-0.39409
-0.42085
-0.449393
-0.478485
-0.506584
-0.532022
-0.553201
-0.568724
-0.57766
-0.579191
-0.572891
-0.557735
-0.532741
-0.494382
-0.440805
-0.369418
-0.283835
-0.190045
-0.100718
-0.0316514
0.0175967
0.041787
0.0519135
0.0485646
0.0409158
0.026376
0.0110893
-0.327411
-0.34463
-0.364935
-0.388872
-0.41548
-0.44407
-0.473435
-0.502026
-0.528144
-0.55015
-0.566571
-0.576422
-0.578837
-0.573373
-0.559033
-0.534905
-0.497577
-0.44507
-0.3749
-0.290162
-0.197135
-0.107855
-0.0383283
0.0116327
0.0369243
0.0480756
0.0457364
0.0389111
0.0251931
0.0105833
-0.323153
-0.339838
-0.359562
-0.383159
-0.40949
-0.438014
-0.467567
-0.496595
-0.523379
-0.546239
-0.56362
-0.574468
-0.577848
-0.573292
-0.5598
-0.536533
-0.500224
-0.448799
-0.379909
-0.296147
-0.204038
-0.114999
-0.0451121
0.00550218
0.031897
0.0440954
0.0428054
0.0368309
0.0239704
0.0100639
-0.319177
-0.33496
-0.35398
-0.377132
-0.403055
-0.431388
-0.46102
-0.490404
-0.517808
-0.541518
-0.55989
-0.571791
-0.576204
-0.57261
-0.560001
-0.537596
-0.502283
-0.451942
-0.384374
-0.301705
-0.210646
-0.122041
-0.0519082
-0.000717447
0.0267602
0.0400117
0.0397977
0.034693
0.022717
0.00953507
-0.315666
-0.330151
-0.348354
-0.370952
-0.396342
-0.424359
-0.45395
-0.483585
-0.511533
-0.536051
-0.555415
-0.568398
-0.573956
-0.571303
-0.559602
-0.538047
-0.503709
-0.454429
-0.388207
-0.306746
-0.216889
-0.128926
-0.0586846
-0.00699381
0.0215405
0.0358496
0.0367338
0.0325142
0.0214425
0.00900076
-0.312671
-0.325465
-0.342821
-0.364771
-0.389512
-0.417089
-0.446513
-0.476287
-0.504687
-0.529954
-0.550285
-0.564351
-0.570908
-0.569352
-0.558591
-0.537884
-0.504527
-0.456351
-0.391577
-0.311537
-0.223104
-0.135947
-0.0656563
-0.013438
0.0161926
0.0316031
0.0336205
0.0303072
0.0201568
0.00846551
-0.31038
-0.320803
-0.337374
-0.358671
-0.382722
-0.409781
-0.43893
-0.468714
-0.497428
-0.523311
-0.544506
-0.559583
-0.567277
-0.566735
-0.556962
-0.537197
-0.504956
-0.458065
-0.39492
-0.316511
-0.229613
-0.143299
-0.0728873
-0.020055
0.0107407
0.0272921
0.0304696
0.0280772
0.0188642
0.007932
-0.309984
-0.316471
-0.332007
-0.352167
-0.375275
-0.401602
-0.430285
-0.459924
-0.488845
-0.515306
-0.537405
-0.553594
-0.562344
-0.563092
-0.554364
-0.535494
-0.504204
-0.458326
-0.39642
-0.31931
-0.233798
-0.148731
-0.0786955
-0.0258406
0.00572613
0.0231407
0.0273603
0.025826
0.0175524
0.00739232
-0.298185
-0.310114
-0.328825
-0.348925
-0.371461
-0.397197
-0.425397
-0.454708
-0.483476
-0.509962
-0.532239
-0.548726
-0.557958
-0.558761
-0.550159
-0.531202
-0.499822
-0.453944
-0.3925
-0.316592
-0.233107
-0.150728
-0.0825593
-0.0310275
0.000570263
0.0184505
0.0236882
0.023071
0.0159266
0.00672151
-0.299546
-0.31145
-0.329613
-0.348872
-0.370356
-0.395024
-0.422171
-0.450398
-0.478084
-0.50359
-0.525074
-0.540954
-0.549539
-0.550135
-0.541285
-0.52196
-0.490442
-0.444848
-0.384623
-0.311127
-0.231081
-0.152592
-0.0870709
-0.0372076
-0.00564762
0.0127818
0.0192358
0.0197288
0.0139455
0.00591259
-0.301064
-0.312618
-0.329336
-0.34791
-0.368607
-0.392175
-0.418078
-0.444999
-0.471359
-0.495602
-0.515993
-0.530948
-0.538917
-0.538901
-0.529672
-0.510024
-0.478536
-0.433617
-0.375146
-0.304719
-0.228632
-0.154302
-0.0915647
-0.0433489
-0.0118724
0.00708341
0.014722
0.0163279
0.0119188
0.0051009
-0.300283
-0.311838
-0.326925
-0.344509
-0.364365
-0.386763
-0.41126
-0.436711
-0.461633
-0.484536
-0.503788
-0.517824
-0.525117
-0.524543
-0.514978
-0.49517
-0.463963
-0.420141
-0.363929
-0.29712
-0.225412
-0.155493
-0.0957532
-0.0492749
-0.0180035
0.00141512
0.0101864
0.0129011
0.00986795
0.00429426
-0.296484
-0.308784
-0.322632
-0.338905
-0.357641
-0.378714
-0.401619
-0.42538
-0.448669
-0.470078
-0.488078
-0.501139
-0.507764
-0.506758
-0.497016
-0.477357
-0.446869
-0.404717
-0.351361
-0.28868
-0.221673
-0.156281
-0.0996514
-0.0549523
-0.0239885
-0.00417419
0.00566391
0.00947267
0.00780417
0.00349547
-0.290403
-0.303664
-0.316752
-0.331675
-0.349048
-0.368633
-0.389803
-0.411673
-0.433091
-0.452774
-0.469318
-0.48128
-0.487262
-0.485981
-0.476303
-0.457186
-0.427922
-0.387993
-0.337974
-0.279722
-0.217534
-0.156653
-0.103184
-0.0603088
-0.0297641
-0.00963562
0.0011886
0.00606575
0.00573954
0.00270844
-0.282932
-0.296833
-0.30951
-0.323257
-0.33919
-0.357196
-0.376585
-0.396494
-0.415919
-0.433732
-0.448684
-0.45946
-0.464764
-0.463298
-0.453899
-0.43566
-0.408023
-0.370695
-0.324283
-0.27054
-0.213127
-0.156646
-0.106334
-0.0653116
-0.0352892
-0.0149309
-0.00320932
0.0027019
0.00368647
0.0019368
-0.27446
-0.288701
-0.301139
-0.31394
-0.328506
-0.344942
-0.36259
-0.380601
-0.39807
-0.414018
-0.427363
-0.436922
-0.441509
-0.439886
-0.430904
-0.413757
-0.387978
-0.353422
-0.310674
-0.261344
-0.208538
-0.156278
-0.109075
-0.0699275
-0.0405255
-0.0200251
-0.00750077
-0.000598133
0.00165742
0.00118365
-0.265356
-0.279668
-0.291883
-0.303926
-0.31728
-0.332234
-0.348241
-0.364487
-0.380136
-0.394335
-0.406148
-0.414531
-0.418404
-0.41663
-0.408132
-0.392171
-0.368333
-0.336556
-0.29738
-0.252256
-0.203816
-0.155566
-0.111396
-0.0741373
-0.0454447
-0.0248887
-0.0116587
-0.00381466
-0.000335243
0.000451793
-0.255904
-0.270019
-0.281964
-0.293378
-0.305687
-0.319297
-0.333794
-0.348432
-0.362432
-0.37504
-0.385444
-0.392736
-0.395942
-0.394036
-0.386048
-0.371293
-0.34938
-0.320289
-0.284508
-0.24333
-0.19899
-0.154527
-0.113296
-0.0779266
-0.0500231
-0.0294953
-0.015657
-0.00692857
-0.00227911
-0.000255999
-0.246215
-0.259962
-0.27158
-0.28244
-0.293848
-0.306265
-0.319396
-0.332585
-0.345113
-0.356305
-0.365444
-0.371752
-0.374357
-0.372355
-0.364883
-0.351308
-0.331245
-0.304696
-0.272097
-0.234592
-0.194078
-0.153178
-0.114776
-0.0812869
-0.0542414
-0.0338218
-0.0194714
-0.00992153
-0.00416198
-0.000937003
-0.236409
-0.24968
-0.260909
-0.271249
-0.281868
-0.293232
-0.305141
-0.317033
-0.328257
-0.338198
-0.346224
-0.351666
-0.35375
-0.351688
-0.344722
-0.332268
-0.313955
-0.28979
-0.260155
-0.226057
-0.189098
-0.151538
-0.115844
-0.084214
-0.0580845
-0.0378482
-0.023079
-0.012776
-0.00597199
-0.00158848
-0.226627
-0.239321
-0.250102
-0.259934
-0.269843
-0.280278
-0.2911
-0.301836
-0.311903
-0.320745
-0.3278
-0.332487
-0.334132
-0.33205
-0.325574
-0.314179
-0.29751
-0.275569
-0.248685
-0.217734
-0.184069
-0.149628
-0.116515
-0.0867085
-0.061541
-0.0415576
-0.0264594
-0.0154758
-0.00769789
-0.00220774
-0.216954
-0.228999
-0.239286
-0.248614
-0.257874
-0.267479
-0.277335
-0.287041
-0.296083
-0.303961
-0.310172
-0.314214
-0.315498
-0.313434
-0.307434
-0.297034
-0.281901
-0.262028
-0.237687
-0.209636
-0.179012
-0.147474
-0.116806
-0.0887755
-0.0646037
-0.0449369
-0.029595
-0.0180061
-0.00932932
-0.00279216
-0.207465
-0.218817
-0.228576
-0.2374
-0.246056
-0.254914
-0.263908
-0.272699
-0.280833
-0.287865
-0.293348
-0.296844
-0.29784
-0.295827
-0.290292
-0.280825
-0.267119
-0.249159
-0.22716
-0.201773
-0.173948
-0.145102
-0.116737
-0.0904251
-0.0672701
-0.047977
-0.0324717
-0.0203541
-0.010857
-0.00333932
-0.198233
-0.208866
-0.218073
-0.226395
-0.234482
-0.242662
-0.250884
-0.258861
-0.266194
-0.272487
-0.277342
-0.280379
-0.281151
-0.27922
-0.274137
-0.265543
-0.253159
-0.236959
-0.217108
-0.19416
-0.168902
-0.14254
-0.116334
-0.0916721
-0.0695426
-0.050673
-0.0350793
-0.0225094
-0.012273
-0.00384708
-0.18932
-0.199221
-0.207864
-0.215688
-0.223239
-0.230799
-0.238329
-0.245582
-0.252207
-0.257855
-0.262171
-0.264822
-0.265429
-0.263607
-0.258961
-0.251182
-0.240014
-0.225425
-0.207536
-0.186813
-0.163899
-0.139819
-0.115626
-0.0925368
-0.0714289
-0.0530249
-0.0374116
-0.0244645
-0.013571
-0.00431363
-0.180774
-0.189948
-0.198026
-0.205361
-0.212405
-0.219398
-0.226305
-0.232913
-0.238915
-0.244002
-0.247855
-0.250177
-0.250676
-0.248983
-0.244758
-0.237734
-0.227679
-0.214559
-0.198452
-0.179747
-0.158965
-0.136973
-0.114644
-0.0930445
-0.0729423
-0.0550372
-0.039467
-0.0262151
-0.0147466
-0.00473765
-0.172639
-0.181103
-0.188624
-0.195484
-0.202051
-0.208525
-0.21487
-0.220906
-0.22636
-0.230962
-0.23442
-0.236433
-0.236898
-0.235348
-0.231521
-0.225193
-0.216152
-0.204361
-0.189864
-0.172981
-0.154129
-0.134037
-0.113426
-0.0932254
-0.0741021
-0.0567199
-0.0412486
-0.0277604
-0.0157972
-0.00511832
-0.164952
-0.172733
-0.179716
-0.18612
-0.192241
-0.198239
-0.20408
-0.209606
-0.21458
-0.218768
-0.221921
-0.223838
-0.224134
-0.222703
-0.219246
-0.213554
-0.205431
-0.194835
-0.181783
-0.166536
-0.14942
-0.131048
-0.112011
-0.0931148
-0.0749335
-0.0580879
-0.0427637
-0.0291029
-0.0167226
-0.00545545
-0.157749
-0.164881
-0.171352
-0.177325
-0.183031
-0.188595
-0.193982
-0.199055
-0.203607
-0.207431
-0.210303
-0.212023
-0.212322
-0.211037
-0.207927
-0.202812
-0.195513
-0.185986
-0.174223
-0.160434
-0.144871
-0.128047
-0.110442
-0.0927522
-0.0754671
-0.0591612
-0.0440239
-0.0302488
-0.0175248
-0.00574949
-0.15106
-0.157587
-0.163576
-0.169146
-0.174471
-0.179643
-0.184624
-0.189295
-0.193474
-0.196981
-0.199613
-0.20119
-0.20149
-0.20035
-0.197562
-0.192968
-0.186404
-0.177824
-0.167202
-0.154705
-0.140522
-0.12508
-0.108767
-0.0921816
-0.0757386
-0.0599651
-0.045045
-0.0312077
-0.018208
-0.00600158
-0.144918
-0.150887
-0.156431
-0.161631
-0.166608
-0.171428
-0.176049
-0.180366
-0.184219
-0.187451
-0.18988
-0.191345
-0.191653
-0.190653
-0.188157
-0.184028
-0.178112
-0.170365
-0.160743
-0.149379
-0.136411
-0.122193
-0.107034
-0.0914506
-0.0757883
-0.0605293
-0.0458468
-0.0319918
-0.0187786
-0.0062136
-0.139355
-0.144818
-0.149959
-0.154823
-0.15949
-0.163998
-0.168301
-0.172309
-0.17588
-0.178876
-0.181134
-0.182511
-0.182831
-0.18196
-0.179725
-0.176005
-0.170655
-0.16363
-0.154877
-0.144497
-0.132587
-0.11944
-0.105299
-0.0906105
-0.0756604
-0.0608879
-0.0464525
-0.0326164
-0.0192447
-0.00638808
-0.134406
-0.139421
-0.144202
-0.148769
-0.153163
-0.157399
-0.161428
-0.165169
-0.168498
-0.171294
-0.173409
-0.174715
-0.175051
-0.174295
-0.172289
-0.168922
-0.164059
-0.157652
-0.14964
-0.140102
-0.129099
-0.116875
-0.103619
-0.0897155
-0.0754022
-0.0610782
-0.0468882
-0.0330986
-0.0196159
-0.00652808
-0.130114
-0.134741
-0.139211
-0.143521
-0.147681
-0.151685
-0.155482
-0.158998
-0.162124
-0.164752
-0.16675
-0.167999
-0.168352
-0.167696
-0.165885
-0.162816
-0.158361
-0.152472
-0.145081
-0.136247
-0.126004
-0.114558
-0.102053
-0.0888223
-0.0750636
-0.0611402
-0.0471826
-0.0334572
-0.0199027
-0.0066371
-0.126524
-0.130828
-0.135039
-0.139135
-0.143102
-0.146916
-0.150522
-0.153855
-0.156816
-0.159309
-0.161212
-0.162417
-0.162786
-0.162213
-0.160561
-0.157736
-0.153613
-0.148144
-0.141255
-0.132991
-0.123367
-0.112554
-0.100664
-0.0879899
-0.0746957
-0.0611151
-0.0473657
-0.0337115
-0.0201158
-0.00671879
-0.123698
-0.127748
-0.131755
-0.135685
-0.139501
-0.143167
-0.146627
-0.149818
-0.152651
-0.155039
-0.15687
-0.158041
-0.158423
-0.157917
-0.156389
-0.153751
-0.149883
-0.144736
-0.138232
-0.130406
-0.121257
-0.110932
-0.0995187
-0.087278
-0.0743498
-0.0610437
-0.0474673
-0.0338805
-0.0202651
-0.00677641
-0.121709
-0.12558
-0.129445
-0.133259
-0.13697
-0.140536
-0.143894
-0.146988
-0.149732
-0.152049
-0.15383
-0.154979
-0.155369
-0.154906
-0.153464
-0.150956
-0.147263
-0.142338
-0.1361
-0.128576
-0.119755
-0.109768
-0.0986859
-0.0867476
-0.0740768
-0.0609658
-0.0475155
-0.0339815
-0.0203592
-0.0068125
-0.120629
-0.124414
-0.128207
-0.131961
-0.135618
-0.139131
-0.142437
-0.14548
-0.148179
-0.150458
-0.152213
-0.15335
-0.153746
-0.153309
-0.151912
-0.149472
-0.145873
-0.141064
-0.134965
-0.127599
-0.118951
-0.109142
-0.0982353
-0.0864562
-0.0739228
-0.060915
-0.0475341
-0.034028
-0.0204051
-0.00682868
-0.189593
-0.19804
-0.206062
-0.213674
-0.220888
-0.227725
-0.234207
-0.24036
-0.246204
-0.251757
-0.257036
-0.262058
-0.266866
-0.27152
-0.276193
-0.2811
-0.286471
-0.292911
-0.299197
-0.308623
-0.180378
-0.188682
-0.19664
-0.204273
-0.211602
-0.218654
-0.225451
-0.232014
-0.238369
-0.244536
-0.250554
-0.256466
-0.262357
-0.268339
-0.274451
-0.280945
-0.287135
-0.294166
-0.298668
-0.3074
-0.171896
-0.17995
-0.187719
-0.195229
-0.202507
-0.20958
-0.216474
-0.223215
-0.229832
-0.236362
-0.242839
-0.249325
-0.255781
-0.26233
-0.268543
-0.274955
-0.280184
-0.286746
-0.291062
-0.300072
-0.164074
-0.171856
-0.179421
-0.186792
-0.193994
-0.20105
-0.207979
-0.214808
-0.221549
-0.228241
-0.234841
-0.241428
-0.24777
-0.254157
-0.259981
-0.266369
-0.271957
-0.279445
-0.285472
-0.294265
-0.156931
-0.164449
-0.171807
-0.179027
-0.186121
-0.193111
-0.200002
-0.206822
-0.213544
-0.220223
-0.226748
-0.233281
-0.239563
-0.246118
-0.252379
-0.259481
-0.266015
-0.273683
-0.279993
-0.287769
-0.150455
-0.157703
-0.164831
-0.171857
-0.178787
-0.18564
-0.192407
-0.199125
-0.205749
-0.212369
-0.218879
-0.225514
-0.23204
-0.23892
-0.245552
-0.252611
-0.258991
-0.265873
-0.272185
-0.279727
-0.144539
-0.151504
-0.158376
-0.165172
-0.171891
-0.178555
-0.185154
-0.191732
-0.198253
-0.204817
-0.211331
-0.217974
-0.224503
-0.231176
-0.237544
-0.244084
-0.250347
-0.25713
-0.263964
-0.271516
-0.139116
-0.145787
-0.152383
-0.158923
-0.165406
-0.171856
-0.178262
-0.184667
-0.191039
-0.197445
-0.203796
-0.210188
-0.216461
-0.2228
-0.229047
-0.235525
-0.242045
-0.248859
-0.255706
-0.262937
-0.134126
-0.140494
-0.146805
-0.153075
-0.159306
-0.165515
-0.171694
-0.17787
-0.184016
-0.190169
-0.196281
-0.202423
-0.208548
-0.214778
-0.221044
-0.227433
-0.233807
-0.240248
-0.246802
-0.25381
-0.129533
-0.135595
-0.141612
-0.147599
-0.153558
-0.1595
-0.165421
-0.171335
-0.177233
-0.183143
-0.189056
-0.195012
-0.200993
-0.207025
-0.213053
-0.219094
-0.225149
-0.231322
-0.237735
-0.244586
-0.125288
-0.131042
-0.136762
-0.142458
-0.148134
-0.153798
-0.15945
-0.165102
-0.170754
-0.176421
-0.182101
-0.1878
-0.193505
-0.19922
-0.204947
-0.210722
-0.216586
-0.222577
-0.228766
-0.235317
-0.121339
-0.126787
-0.13221
-0.137615
-0.143006
-0.14839
-0.153768
-0.159148
-0.16453
-0.169919
-0.175314
-0.180718
-0.186136
-0.191581
-0.197071
-0.202614
-0.208218
-0.213898
-0.219745
-0.225961
-0.11766
-0.122807
-0.127935
-0.133049
-0.138155
-0.143254
-0.148349
-0.153444
-0.158541
-0.163643
-0.168754
-0.173881
-0.179031
-0.184208
-0.189412
-0.194643
-0.199916
-0.205266
-0.210795
-0.216686
-0.114211
-0.119065
-0.123905
-0.128733
-0.133554
-0.138369
-0.143181
-0.147993
-0.152807
-0.157628
-0.162459
-0.167302
-0.172159
-0.17703
-0.181921
-0.186838
-0.191804
-0.196851
-0.202057
-0.207588
-0.110954
-0.11553
-0.120089
-0.124638
-0.12918
-0.133718
-0.138252
-0.142786
-0.147321
-0.15186
-0.156403
-0.160954
-0.165513
-0.170086
-0.174679
-0.179297
-0.183956
-0.188678
-0.193536
-0.19869
-0.107893
-0.112196
-0.116484
-0.120761
-0.125031
-0.129297
-0.133559
-0.137819
-0.142077
-0.146335
-0.150596
-0.154861
-0.159133
-0.163415
-0.167711
-0.172023
-0.176364
-0.180757
-0.185271
-0.190056
-0.105015
-0.109053
-0.113078
-0.117092
-0.121099
-0.1251
-0.129097
-0.133089
-0.137078
-0.141065
-0.145051
-0.149038
-0.153028
-0.157021
-0.161021
-0.165032
-0.169066
-0.173143
-0.177324
-0.181744
-0.102288
-0.106073
-0.109846
-0.11361
-0.117365
-0.121114
-0.124856
-0.128592
-0.132322
-0.136048
-0.139769
-0.143487
-0.147203
-0.150918
-0.154636
-0.158359
-0.162097
-0.165868
-0.169725
-0.173789
-0.0997072
-0.103254
-0.106789
-0.110314
-0.113831
-0.117339
-0.120839
-0.124331
-0.127814
-0.13129
-0.134758
-0.138219
-0.141675
-0.145126
-0.148574
-0.152021
-0.155476
-0.158953
-0.1625
-0.166224
-0.0972677
-0.10059
-0.103902
-0.107203
-0.110494
-0.113776
-0.117047
-0.120308
-0.123558
-0.126798
-0.130028
-0.133247
-0.136456
-0.139657
-0.14285
-0.146036
-0.149225
-0.152426
-0.155681
-0.159084
-0.0949689
-0.0980825
-0.101185
-0.104277
-0.107358
-0.110427
-0.113485
-0.11653
-0.119562
-0.122582
-0.125588
-0.12858
-0.13156
-0.134527
-0.137482
-0.140426
-0.143365
-0.146309
-0.149293
-0.152396
-0.0928132
-0.0957343
-0.0986441
-0.101542
-0.104428
-0.107301
-0.110161
-0.113007
-0.115837
-0.118653
-0.121452
-0.124235
-0.127003
-0.129754
-0.132489
-0.13521
-0.13792
-0.140628
-0.143362
-0.146189
-0.0908046
-0.0935511
-0.0962853
-0.0990065
-0.101714
-0.104408
-0.107087
-0.10975
-0.112396
-0.115025
-0.117635
-0.120228
-0.122801
-0.125356
-0.127892
-0.130409
-0.132911
-0.135404
-0.137912
-0.140488
-0.0889601
-0.0915493
-0.0941249
-0.0966862
-0.0992328
-0.101764
-0.104279
-0.106777
-0.109257
-0.111718
-0.114159
-0.116579
-0.118979
-0.121357
-0.123713
-0.126049
-0.128365
-0.130667
-0.132973
-0.135325
-0.0873027
-0.0897498
-0.092183
-0.0946014
-0.0970042
-0.099391
-0.101761
-0.104112
-0.106444
-0.108755
-0.111046
-0.113314
-0.11556
-0.117782
-0.119982
-0.122157
-0.124311
-0.126445
-0.128575
-0.130731
-0.085848
-0.0881705
-0.0904791
-0.0927726
-0.0950502
-0.097311
-0.099554
-0.101778
-0.103982
-0.106164
-0.108325
-0.110462
-0.112576
-0.114665
-0.11673
-0.118769
-0.120784
-0.122776
-0.124755
-0.126745
-0.0846165
-0.0868335
-0.0890365
-0.0912243
-0.093396
-0.0955504
-0.0976866
-0.0998034
-0.1019
-0.103974
-0.106026
-0.108055
-0.110059
-0.112038
-0.113991
-0.115918
-0.11782
-0.119696
-0.121554
-0.123409
-0.0836423
-0.0857748
-0.0878932
-0.0899963
-0.092083
-0.0941525
-0.0962035
-0.0982349
-0.100246
-0.102235
-0.104201
-0.106144
-0.108062
-0.109955
-0.111823
-0.113664
-0.115478
-0.117266
-0.119031
-0.120782
-0.082943
-0.0850105
-0.0870643
-0.0891034
-0.0911267
-0.0931333
-0.095122
-0.0970918
-0.0990415
-0.10097
-0.102877
-0.104761
-0.106621
-0.108457
-0.110267
-0.112052
-0.11381
-0.115541
-0.117246
-0.118931
-0.0826118
-0.0846385
-0.0866505
-0.0886469
-0.090627
-0.0925902
-0.0945359
-0.0964632
-0.0983713
-0.100259
-0.102127
-0.103973
-0.105797
-0.107598
-0.109376
-0.111131
-0.112861
-0.114567
-0.11625
-0.117911
0.089477
0.0719913
0.0549963
0.0394067
0.023048
0.00605443
-0.010624
-0.0267541
-0.0424716
-0.0577968
-0.0726607
-0.0870343
-0.100945
-0.114421
-0.127597
-0.139795
-0.150986
-0.161426
-0.171305
-0.180689
0.0815083
0.0638695
0.0452286
0.0301409
0.0154489
-0.000209535
-0.0158108
-0.030704
-0.0450577
-0.0590669
-0.0726967
-0.0858486
-0.0984252
-0.110327
-0.121929
-0.133008
-0.14343
-0.153281
-0.16269
-0.171718
0.0732004
0.0562201
0.0370994
0.0224111
0.00942471
-0.00450632
-0.0188734
-0.032635
-0.0457155
-0.0584091
-0.0707771
-0.0827106
-0.0941369
-0.105123
-0.115969
-0.126462
-0.136413
-0.145845
-0.154863
-0.163538
0.0641702
0.0479452
0.0289742
0.0147663
0.00318358
-0.00908679
-0.02218
-0.0349298
-0.0469414
-0.0584916
-0.0697835
-0.0807842
-0.0914069
-0.101594
-0.111268
-0.12086
-0.130208
-0.139172
-0.147764
-0.156051
0.0550241
0.0398706
0.0215904
0.00801547
-0.00236969
-0.0131166
-0.0249166
-0.0366869
-0.0477706
-0.0583161
-0.0685974
-0.0786539
-0.088397
-0.0977703
-0.106811
-0.1158
-0.124611
-0.133118
-0.141307
-0.149228
0.0460583
0.0321239
0.01483
0.00193911
-0.00748256
-0.0169389
-0.0275262
-0.0383553
-0.0486191
-0.0583052
-0.0676983
-0.0769207
-0.0859219
-0.0946413
-0.103087
-0.111479
-0.119727
-0.127743
-0.135512
-0.143069
0.0374788
0.0247944
0.00867538
-0.00348261
-0.0121149
-0.0204885
-0.0299568
-0.0398699
-0.0493753
-0.0583125
-0.0669256
-0.0753889
-0.0836975
-0.0917954
-0.0996914
-0.107584
-0.11534
-0.122898
-0.130263
-0.137467
0.0293862
0.0178877
0.00303051
-0.00835326
-0.0163267
-0.0238124
-0.0322819
-0.0413223
-0.0501175
-0.0583981
-0.0663405
-0.0741417
-0.0818436
-0.0894042
-0.0968052
-0.104119
-0.111371
-0.118505
-0.125498
-0.132361
0.021825
0.0113979
-0.00218613
-0.0127606
-0.0201548
-0.0269118
-0.0345068
-0.0427276
-0.0508468
-0.0585329
-0.0658892
-0.0731079
-0.0802645
-0.0873326
-0.0942629
-0.101018
-0.107778
-0.114509
-0.121151
-0.127686
0.0148051
0.00533033
-0.0070204
-0.0167718
-0.0236331
-0.0297849
-0.0366264
-0.0440945
-0.0515714
-0.0587051
-0.0655321
-0.072217
-0.0788482
-0.0854172
-0.0918848
-0.0982366
-0.104591
-0.110932
-0.117213
-0.123412
0.00832012
-0.000300715
-0.0114849
-0.0204274
-0.0267908
-0.0324303
-0.0386269
-0.0454165
-0.0522907
-0.0589069
-0.0652525
-0.0714584
-0.0776163
-0.0837355
-0.0897892
-0.095764
-0.101741
-0.107706
-0.113626
-0.119487
0.00235456
-0.00548886
-0.0155844
-0.0237555
-0.029656
-0.0348552
-0.0404987
-0.046684
-0.0530008
-0.0591332
-0.0650372
-0.0708112
-0.076541
-0.0822463
-0.0879103
-0.093523
-0.0991447
-0.104754
-0.110327
-0.115855
-0.00311401
-0.0102415
-0.0193294
-0.02678
-0.0322555
-0.0370723
-0.0422387
-0.0478878
-0.0536936
-0.0593746
-0.0648687
-0.0702469
-0.0755853
-0.080911
-0.0862164
-0.0914925
-0.0967808
-0.102052
-0.107288
-0.112489
-0.00811232
-0.0145783
-0.0227384
-0.0295235
-0.0346119
-0.0390951
-0.0438478
-0.0490221
-0.0543636
-0.0596276
-0.0647426
-0.0697551
-0.0747261
-0.0796805
-0.0846176
-0.0895486
-0.094551
-0.0995238
-0.104448
-0.10934
-0.0126677
-0.0185246
-0.0258341
-0.0320072
-0.036743
-0.040933
-0.0453244
-0.0500772
-0.0549977
-0.0598789
-0.0646487
-0.0693385
-0.0740013
-0.0786658
-0.083329
-0.0879648
-0.0925222
-0.0971162
-0.10174
-0.106358
-0.0168062
-0.0221061
-0.0286391
-0.0342498
-0.038662
-0.0425915
-0.0466655
-0.0510423
-0.055579
-0.0601041
-0.0645471
-0.068924
-0.073274
-0.0776188
-0.0819572
-0.0862772
-0.0905721
-0.0948902
-0.0992298
-0.10357
-0.0205527
-0.0253457
-0.0311723
-0.0362661
-0.040379
-0.0440741
-0.0478674
-0.0519084
-0.0560958
-0.0602908
-0.0644284
-0.0685139
-0.0725769
-0.0766367
-0.0806955
-0.0847459
-0.0887809
-0.0928314
-0.0968961
-0.100961
-0.0239307
-0.0282632
-0.033448
-0.0380675
-0.0419024
-0.0453845
-0.0489287
-0.0526704
-0.0565417
-0.0604335
-0.0642884
-0.0681047
-0.0719031
-0.0756997
-0.0794973
-0.083291
-0.0870766
-0.0908746
-0.0946824
-0.0984897
-0.0269624
-0.0308754
-0.0354771
-0.0396616
-0.0432387
-0.0465268
-0.0498495
-0.0533251
-0.0569115
-0.0605263
-0.0641204
-0.0676877
-0.0712419
-0.0747951
-0.0783505
-0.0819048
-0.0854553
-0.0890159
-0.0925832
-0.0961492
-0.0296723
-0.0332015
-0.0372705
-0.0410556
-0.0443945
-0.0475064
-0.0506327
-0.0538722
-0.0572032
-0.060566
-0.0639209
-0.0672591
-0.0705884
-0.0739175
-0.0772491
-0.0805812
-0.0839117
-0.0872505
-0.0905937
-0.0939346
-0.0320746
-0.0352541
-0.0388383
-0.0422582
-0.0453778
-0.0483307
-0.0512835
-0.0543148
-0.0574178
-0.0605528
-0.0636894
-0.0668176
-0.0699408
-0.0730644
-0.0761904
-0.0793174
-0.082444
-0.0855775
-0.0887129
-0.0918448
-0.0341975
-0.0370587
-0.0401981
-0.043281
-0.0461986
-0.0490091
-0.0518107
-0.05466
-0.0575611
-0.0604916
-0.0634302
-0.0663671
-0.069302
-0.0722376
-0.075175
-0.0781132
-0.0810516
-0.0839969
-0.0869419
-0.0898817
-0.0360326
-0.0386174
-0.0413663
-0.0441461
-0.046877
-0.0495576
-0.0522268
-0.0549187
-0.0576432
-0.0603922
-0.0631531
-0.0659176
-0.0686832
-0.0714498
-0.0742174
-0.0769848
-0.0797506
-0.0825171
-0.0852838
-0.0880477
-0.0375936
-0.0399449
-0.0423625
-0.0448772
-0.0474371
-0.049997
-0.0525484
-0.055104
-0.0576757
-0.0602656
-0.0628689
-0.0654796
-0.068094
-0.0707101
-0.0733269
-0.0759424
-0.078553
-0.0811528
-0.0837555
-0.0863602
-0.0388599
-0.0410281
-0.0431919
-0.0454922
-0.0479012
-0.0503482
-0.0527922
-0.055229
-0.0576694
-0.0601215
-0.0625863
-0.06506
-0.0675385
-0.0700185
-0.0724981
-0.0749754
-0.0774483
-0.0799142
-0.0823799
-0.0848445
-0.0398918
-0.0419136
-0.0438771
-0.0460043
-0.0482845
-0.0506303
-0.0529791
-0.0553137
-0.0576429
-0.0599783
-0.0623248
-0.0646805
-0.0670416
-0.0694042
-0.0717659
-0.074125
-0.0764795
-0.0788273
-0.0811725
-0.0835141
-0.0406307
-0.0425642
-0.0444153
-0.0464288
-0.0486072
-0.0508634
-0.0531276
-0.0553757
-0.0576137
-0.0598538
-0.0621026
-0.06436
-0.0666222
-0.0688856
-0.0711475
-0.0734061
-0.0756598
-0.077907
-0.08015
-0.0823875
-0.0412148
-0.0430855
-0.0448544
-0.0467836
-0.0488822
-0.0510643
-0.0532579
-0.0554359
-0.057602
-0.0597676
-0.0619399
-0.0641194
-0.0663031
-0.0684875
-0.0706698
-0.072848
-0.0750205
-0.0771856
-0.079345
-0.0814981
-0.0414492
-0.0433494
-0.0451701
-0.0470983
-0.049149
-0.0512654
-0.0533949
-0.0555155
-0.0576275
-0.0597385
-0.0618538
-0.0639741
-0.0660971
-0.06822
-0.0703405
-0.0724571
-0.0745686
-0.0766738
-0.0787725
-0.080863
-0.04161
-0.0435208
-0.0453586
-0.0472897
-0.0493268
-0.0514206
-0.0535263
-0.0556246
-0.0577152
-0.0598038
-0.0618942
-0.0639869
-0.0660798
-0.0681702
-0.0702561
-0.0723357
-0.0744073
-0.0764699
-0.0785248
-0.0805729
0.0783337
0.0837958
0.0809661
0.089397
0.0899401
0.100625
0.104966
0.118159
0.126094
0.141083
0.149776
0.162522
0.162959
0.160915
0.127183
0.0782044
0.0835519
0.080791
0.0888802
0.0894757
0.0996117
0.103805
0.116099
0.123432
0.136833
0.14412
0.153899
0.152059
0.144064
0.112495
0.0780609
0.0832786
0.080584
0.0883046
0.0889245
0.0984715
0.102449
0.113782
0.120402
0.132138
0.137935
0.144793
0.140954
0.12887
0.100939
0.0779065
0.0829682
0.0803597
0.0876642
0.0883212
0.0972154
0.100979
0.11126
0.117177
0.127129
0.131526
0.13546
0.130034
0.115226
0.0894703
0.0777413
0.0826175
0.0801178
0.0869581
0.0876672
0.0958444
0.0994023
0.108545
0.113785
0.121862
0.124972
0.126091
0.119416
0.102715
0.0779767
0.0775649
0.0822234
0.0798559
0.0861835
0.0869567
0.0943542
0.0977097
0.105635
0.110217
0.116368
0.118279
0.116802
0.109059
0.091059
0.0668293
0.0773771
0.0817814
0.0795726
0.0853368
0.0861858
0.0927416
0.0958958
0.102537
0.106466
0.11069
0.111461
0.107684
0.0989319
0.0801379
0.0563313
0.0771781
0.0812874
0.0792663
0.0844153
0.0853514
0.0910067
0.0939566
0.0992659
0.102534
0.104887
0.104546
0.098804
0.0890563
0.0699121
0.0466274
0.076968
0.0807375
0.0789353
0.0834182
0.0844496
0.0891543
0.0918859
0.0958469
0.0984257
0.0990176
0.0975686
0.0902011
0.0794899
0.0603608
0.0377529
0.076747
0.0801286
0.0785767
0.0823471
0.0834749
0.0871955
0.0896752
0.092309
0.0941526
0.093136
0.0905613
0.0818973
0.0703013
0.0514552
0.0296543
0.0765151
0.0794588
0.0781868
0.0812064
0.0824184
0.0851475
0.0873172
0.088684
0.0897301
0.0872794
0.0835646
0.0739078
0.0615542
0.0431579
0.0222505
0.0762727
0.0787278
0.0777603
0.0800061
0.0812683
0.0830288
0.0848129
0.0849977
0.0851761
0.0814775
0.0766295
0.0662424
0.0532966
0.0354351
0.0154663
0.0760195
0.0779377
0.0772887
0.0787627
0.0800134
0.0808555
0.082167
0.0812708
0.0805161
0.0757539
0.0698156
0.058908
0.0455569
0.0282626
0.00924074
0.075755
0.0770946
0.0767594
0.0774927
0.0786499
0.0786388
0.0793874
0.0775207
0.0757856
0.0701275
0.0631835
0.0519126
0.0383421
0.0216235
0.00353015
0.0754771
0.0762108
0.0761597
0.076209
0.0771775
0.0763883
0.0764883
0.0737627
0.0710289
0.0646155
0.056788
0.0452689
0.0316431
0.0155027
-0.00169563
0.0751813
0.0753031
0.0754817
0.074918
0.0755997
0.0741131
0.0734914
0.0700101
0.0662949
0.0592379
0.0506731
0.0389935
0.025442
0.00988366
-0.00646055
0.0748616
0.0743849
0.0747239
0.073625
0.0739248
0.0718215
0.070426
0.0662759
0.0616331
0.0540198
0.0448696
0.0331037
0.0197204
0.00474629
-0.0107881
0.0745125
0.0734712
0.0738871
0.0723342
0.0721667
0.0695214
0.0673277
0.0625751
0.0570882
0.0489918
0.0393982
0.0276127
0.0144627
6.8217e-05
-0.0147037
0.0741299
0.0725765
0.0729749
0.0710489
0.0703454
0.0672208
0.0642357
0.0589283
0.0526999
0.0441876
0.0342725
0.0225281
0.00965523
-0.00417337
-0.0182335
0.0737117
0.0717137
0.0719955
0.0697719
0.0684873
0.0649296
0.0611895
0.0553634
0.0485023
0.0396405
0.0295033
0.0178514
0.00528481
-0.00799955
-0.0214017
0.0732584
0.0708936
0.070963
0.0685058
0.0666234
0.0626619
0.0582268
0.0519154
0.044525
0.03538
0.0251003
0.0135808
0.00133795
-0.0114298
-0.0242282
0.0727734
0.0701263
0.0698967
0.0672533
0.0647871
0.0604375
0.0553824
0.0486237
0.0407956
0.0314311
0.0210723
0.00971351
-0.0021986
-0.0144789
-0.0267283
0.072264
0.0694202
0.0688221
0.0660201
0.0630122
0.0582848
0.0526897
0.045529
0.0373413
0.0278143
0.0174274
0.00624697
-0.00533814
-0.0171628
-0.0289065
0.0717414
0.0687817
0.067769
0.0648154
0.061331
0.0562412
0.0501827
0.0426714
0.0341898
0.0245481
0.0141729
0.00317915
-0.00809069
-0.0194908
-0.0307716
0.0712208
0.0682158
0.0667699
0.0636553
0.0597746
0.0543502
0.0478973
0.0400888
0.0313699
0.0216519
0.0113169
0.00050985
-0.0104649
-0.0214779
-0.0323253
0.0707213
0.0677289
0.0658592
0.0625666
0.0583733
0.052656
0.0458722
0.0378183
0.0289125
0.0191476
0.0088702
-0.0017579
-0.0124617
-0.0231225
-0.033594
0.0702658
0.0673211
0.0650719
0.0615922
0.0571599
0.0512013
0.0441484
0.0358991
0.0268512
0.0170608
0.00684794
-0.00361715
-0.0140865
-0.0244481
-0.0345584
0.069881
0.0669949
0.0644375
0.0607889
0.056173
0.05003
0.0427706
0.0343742
0.0252237
0.0154216
0.00526918
-0.00505479
-0.0153173
-0.025419
-0.0352857
0.0695973
0.0667616
0.0639839
0.0602043
0.0554583
0.0491909
0.0417886
0.0332935
0.0240752
0.01427
0.00416384
-0.00605947
-0.0161802
-0.0260848
-0.0356607
0.0694423
0.0666415
0.0637402
0.0598859
0.0550697
0.0487396
0.0412619
0.0327163
0.0234618
0.0136573
0.00357719
-0.00658426
-0.0166155
-0.0264046
-0.03587
0.0790816
0.0856965
0.0814027
0.0924439
0.0909586
0.105177
0.108213
0.126212
0.13563
0.158846
0.176872
0.207597
0.237014
0.278261
0.321401
0.0790787
0.0856856
0.0814026
0.0924269
0.090957
0.105152
0.108203
0.126171
0.135585
0.158763
0.176735
0.20739
0.236634
0.277694
0.320414
0.0790727
0.085664
0.0814023
0.0923929
0.0909538
0.105102
0.108181
0.12609
0.135497
0.158599
0.17646
0.206977
0.235875
0.276562
0.318439
0.0790638
0.0856317
0.0814017
0.0923423
0.0909487
0.105027
0.10815
0.125969
0.135366
0.158352
0.176051
0.206357
0.234739
0.274869
0.315478
0.0790518
0.085589
0.0814006
0.0922754
0.0909415
0.104929
0.108106
0.125808
0.135191
0.158023
0.17551
0.205531
0.23323
0.272619
0.311529
0.0790367
0.0855363
0.0813987
0.0921927
0.0909318
0.104807
0.108052
0.125609
0.134975
0.157612
0.174839
0.2045
0.231353
0.269816
0.306598
0.0790184
0.0854738
0.0813956
0.0920946
0.0909193
0.104664
0.107984
0.125371
0.134717
0.157119
0.174043
0.203266
0.229114
0.266464
0.30069
0.0789967
0.085402
0.081391
0.0919819
0.0909035
0.104499
0.107904
0.125097
0.134419
0.156545
0.173125
0.201829
0.226521
0.262566
0.293817
0.0789715
0.0853214
0.0813845
0.0918553
0.0908839
0.104315
0.10781
0.124788
0.134082
0.155891
0.17209
0.20019
0.223581
0.258127
0.285992
0.0789428
0.0852325
0.0813755
0.0917155
0.0908605
0.104108
0.107701
0.124444
0.133706
0.155159
0.170942
0.198348
0.220303
0.253153
0.277235
0.0789104
0.0851361
0.0813638
0.0915633
0.0908317
0.103899
0.107578
0.124069
0.133291
0.15435
0.169686
0.196304
0.216698
0.247649
0.267569
0.0788741
0.085033
0.0813446
0.091399
0.0907997
0.103623
0.107434
0.123665
0.132839
0.153469
0.168325
0.194057
0.212777
0.241619
0.257024
0.0788338
0.0849236
0.0813396
0.0912236
0.0907662
0.103432
0.107271
0.123232
0.13235
0.152516
0.166861
0.191608
0.208554
0.235067
0.245633
0.0787895
0.0848073
0.0813102
0.0910398
0.090722
0.103142
0.107094
0.122775
0.131823
0.151496
0.165298
0.188959
0.204041
0.227995
0.233437
0.0787406
0.0846844
0.0812834
0.0908483
0.0906668
0.102875
0.106904
0.122294
0.131259
0.150411
0.163638
0.186113
0.199253
0.220407
0.220478
0.0786868
0.0845558
0.0812515
0.0906496
0.0906021
0.102588
0.106698
0.121793
0.130658
0.149267
0.161881
0.183075
0.194204
0.212303
0.206812
0.0786314
0.0844221
0.0812141
0.0904436
0.0905264
0.102294
0.106475
0.121272
0.130019
0.148064
0.160026
0.179851
0.188905
0.203683
0.192494
0.0785716
0.0842847
0.0811725
0.0902241
0.09044
0.101988
0.106236
0.120728
0.12934
0.146798
0.158069
0.176442
0.183367
0.194563
0.177579
0.0785044
0.0841438
0.0811291
0.0900229
0.090351
0.101692
0.106005
0.120203
0.128664
0.145534
0.156056
0.172912
0.177602
0.18495
0.162233
0.0784311
0.0839956
0.0810734
0.0898149
0.0902335
0.101379
0.105722
0.119646
0.127901
0.144199
0.153883
0.16917
0.171549
0.174782
0.146389
0.0784312
0.0839956
0.0810735
0.089815
0.0902336
0.101379
0.105722
0.119646
0.127901
0.144199
0.153883
0.16917
0.17155
0.174782
0.14639
0.0785044
0.0841438
0.0811291
0.0900229
0.0903511
0.101692
0.106005
0.120203
0.128664
0.145534
0.156056
0.172912
0.177602
0.18495
0.162233
0.0785716
0.0842847
0.0811725
0.0902242
0.0904401
0.101988
0.106236
0.120728
0.12934
0.146798
0.158069
0.176442
0.183368
0.194564
0.177579
0.0786314
0.0844222
0.0812141
0.0904436
0.0905264
0.102294
0.106475
0.121272
0.130019
0.148064
0.160026
0.179852
0.188905
0.203683
0.192494
0.0786869
0.0845558
0.0812515
0.0906496
0.0906021
0.102588
0.106698
0.121793
0.130658
0.149267
0.161881
0.183075
0.194204
0.212303
0.206813
0.0787407
0.0846844
0.0812834
0.0908483
0.0906668
0.102876
0.106904
0.122294
0.131259
0.150412
0.163638
0.186113
0.199254
0.220407
0.220479
0.0787895
0.0848073
0.0813103
0.0910398
0.090722
0.103142
0.107094
0.122775
0.131823
0.151496
0.165298
0.188959
0.204041
0.227996
0.233437
0.0788339
0.0849236
0.0813397
0.0912237
0.0907663
0.103432
0.107271
0.123232
0.13235
0.152516
0.166861
0.191608
0.208554
0.235067
0.245633
0.0788741
0.0850331
0.0813446
0.091399
0.0907997
0.103623
0.107435
0.123665
0.132839
0.153469
0.168325
0.194057
0.212777
0.241619
0.257025
0.0789104
0.0851361
0.0813638
0.0915633
0.0908317
0.103899
0.107578
0.124069
0.133291
0.15435
0.169686
0.196304
0.216698
0.247649
0.26757
0.0789428
0.0852326
0.0813756
0.0917155
0.0908606
0.104108
0.107701
0.124444
0.133706
0.155159
0.170942
0.198348
0.220303
0.253153
0.277235
0.0789716
0.0853214
0.0813845
0.0918553
0.0908839
0.104315
0.10781
0.124788
0.134082
0.155891
0.17209
0.20019
0.223581
0.258127
0.285992
0.0789967
0.085402
0.081391
0.091982
0.0909035
0.104499
0.107904
0.125097
0.134419
0.156545
0.173125
0.201829
0.226521
0.262566
0.293817
0.0790184
0.0854738
0.0813956
0.0920947
0.0909193
0.104664
0.107984
0.125371
0.134717
0.157119
0.174043
0.203266
0.229115
0.266464
0.30069
0.0790367
0.0855363
0.0813987
0.0921927
0.0909318
0.104807
0.108052
0.125609
0.134975
0.157612
0.174839
0.2045
0.231353
0.269816
0.306598
0.0790519
0.085589
0.0814006
0.0922754
0.0909415
0.104929
0.108106
0.125808
0.135191
0.158023
0.17551
0.205531
0.23323
0.272619
0.311529
0.0790638
0.0856317
0.0814017
0.0923423
0.0909487
0.105027
0.10815
0.125969
0.135366
0.158352
0.176051
0.206357
0.234739
0.274869
0.315478
0.0790728
0.085664
0.0814023
0.0923929
0.0909538
0.105102
0.108181
0.12609
0.135497
0.158599
0.17646
0.206977
0.235875
0.276562
0.318439
0.0790787
0.0856857
0.0814026
0.0924269
0.090957
0.105152
0.108203
0.126171
0.135585
0.158763
0.176735
0.20739
0.236634
0.277694
0.320414
0.0790816
0.0856965
0.0814027
0.0924439
0.0909586
0.105177
0.108213
0.126212
0.13563
0.158846
0.176872
0.207597
0.237014
0.278261
0.321401
0.0694425
0.0666416
0.0637404
0.0598862
0.05507
0.0487399
0.0412622
0.0327167
0.0234622
0.0136577
0.0035776
-0.00658382
-0.016615
-0.0264041
-0.0358695
0.0695975
0.0667618
0.0639841
0.0602046
0.0554586
0.0491911
0.041789
0.0332938
0.0240756
0.0142704
0.00416426
-0.00605903
-0.0161798
-0.0260843
-0.0356602
0.0698812
0.0669951
0.0644377
0.0607891
0.0561733
0.0500303
0.0427709
0.0343745
0.0252241
0.015422
0.0052696
-0.00505434
-0.0153168
-0.0254185
-0.0352852
0.0702659
0.0673213
0.0650721
0.0615924
0.0571602
0.0512016
0.0441488
0.0358994
0.0268515
0.0170612
0.00684837
-0.0036167
-0.0140861
-0.0244476
-0.0345579
0.0707215
0.067729
0.0658594
0.0625668
0.0583736
0.0526563
0.0458725
0.0378187
0.0289129
0.019148
0.00887062
-0.00175745
-0.0124612
-0.023122
-0.0335935
0.0712209
0.068216
0.0667701
0.0636555
0.0597749
0.0543504
0.0478976
0.0400891
0.0313703
0.0216523
0.0113174
0.00051031
-0.0104644
-0.0214774
-0.0323247
0.0717416
0.0687818
0.0677692
0.0648156
0.0613313
0.0562415
0.050183
0.0426718
0.0341901
0.0245485
0.0141733
0.00317962
-0.00809019
-0.0194903
-0.0307711
0.0722642
0.0694204
0.0688223
0.0660203
0.0630124
0.058285
0.05269
0.0455294
0.0373417
0.0278147
0.0174278
0.00624744
-0.00533763
-0.0171623
-0.0289059
0.0727735
0.0701265
0.0698969
0.0672535
0.0647874
0.0604377
0.0553827
0.048624
0.040796
0.0314314
0.0210727
0.00971399
-0.00219809
-0.0144783
-0.0267277
0.0732585
0.0708937
0.0709631
0.0685059
0.0666236
0.0626621
0.0582271
0.0519157
0.0445254
0.0353804
0.0251007
0.0135813
0.00133847
-0.0114293
-0.0242276
0.0737119
0.0717138
0.0719957
0.0697721
0.0684875
0.0649299
0.0611898
0.0553637
0.0485026
0.0396409
0.0295038
0.0178519
0.00528533
-0.00799898
-0.0214011
0.0741301
0.0725767
0.072975
0.071049
0.0703456
0.067221
0.0642359
0.0589286
0.0527002
0.044188
0.0342729
0.0225286
0.00965576
-0.00417279
-0.0182328
0.0745126
0.0734713
0.0738872
0.0723344
0.0721669
0.0695216
0.067328
0.0625753
0.0570885
0.0489922
0.0393986
0.0276132
0.0144633
6.8799e-05
-0.014703
0.0748617
0.074385
0.074724
0.0736252
0.073925
0.0718217
0.0704263
0.0662762
0.0616334
0.0540202
0.0448701
0.0331041
0.019721
0.00474688
-0.0107874
0.0751814
0.0753032
0.0754818
0.0749182
0.0755999
0.0741133
0.0734916
0.0700104
0.0662953
0.0592383
0.0506735
0.038994
0.0254425
0.00988425
-0.0064599
0.0754772
0.0762109
0.0761598
0.0762092
0.0771776
0.0763885
0.0764885
0.0737629
0.0710292
0.0646159
0.0567884
0.0452694
0.0316436
0.0155033
-0.00169497
0.0757551
0.0770947
0.0767596
0.0774929
0.07865
0.078639
0.0793877
0.0775209
0.0757859
0.0701278
0.0631839
0.0519131
0.0383427
0.0216241
0.00353081
0.0760196
0.0779378
0.0772888
0.0787628
0.0800136
0.0808557
0.0821672
0.081271
0.0805164
0.0757543
0.069816
0.0589085
0.0455574
0.0282632
0.0092414
0.0762728
0.0787279
0.0777604
0.0800062
0.0812684
0.083029
0.0848131
0.084998
0.0851764
0.0814779
0.0766299
0.0662429
0.0532972
0.0354356
0.0154669
0.0765152
0.0794589
0.0781869
0.0812065
0.0824186
0.0851476
0.0873174
0.0886843
0.0897304
0.0872797
0.083565
0.0739082
0.0615547
0.0431585
0.0222512
0.0767471
0.0801287
0.0785768
0.0823472
0.083475
0.0871957
0.0896754
0.0923093
0.0941529
0.0931363
0.0905617
0.0818977
0.0703018
0.0514558
0.0296549
0.0769681
0.0807376
0.0789354
0.0834183
0.0844498
0.0891545
0.0918861
0.0958472
0.098426
0.0990179
0.0975689
0.0902015
0.0794904
0.0603614
0.0377535
0.0771782
0.0812875
0.0792664
0.0844154
0.0853515
0.0910069
0.0939568
0.0992661
0.102535
0.104887
0.104547
0.0988044
0.0890568
0.0699126
0.046628
0.0773772
0.0817815
0.0795727
0.0853369
0.086186
0.0927417
0.095896
0.102537
0.106467
0.110691
0.111461
0.107684
0.0989324
0.0801385
0.056332
0.0775649
0.0822235
0.079856
0.0861836
0.0869568
0.0943543
0.0977099
0.105635
0.110217
0.116368
0.118279
0.116802
0.109059
0.0910595
0.0668299
0.0777414
0.0826176
0.0801179
0.0869582
0.0876673
0.0958445
0.0994024
0.108545
0.113786
0.121862
0.124972
0.126091
0.119416
0.102715
0.0779774
0.0779066
0.0829682
0.0803598
0.0876643
0.0883213
0.0972155
0.100979
0.11126
0.117178
0.12713
0.131526
0.135461
0.130034
0.115227
0.0894709
0.0780609
0.0832787
0.0805841
0.0883047
0.0889246
0.0984716
0.102449
0.113782
0.120403
0.132138
0.137935
0.144793
0.140955
0.128871
0.100939
0.0782045
0.0835519
0.080791
0.0888802
0.0894758
0.0996118
0.103805
0.1161
0.123432
0.136833
0.14412
0.1539
0.152059
0.144065
0.112496
0.0783338
0.0837958
0.0809662
0.0893971
0.0899402
0.100625
0.104966
0.118159
0.126094
0.141083
0.149776
0.162522
0.162959
0.160916
0.127184
-0.0416095
-0.0435203
-0.0453581
-0.0472892
-0.0493263
-0.0514201
-0.0535258
-0.0556241
-0.0577147
-0.0598033
-0.0618938
-0.0639864
-0.0660793
-0.0681697
-0.0702556
-0.0723352
-0.0744068
-0.0764694
-0.0785244
-0.0805724
-0.0414487
-0.0433489
-0.0451696
-0.0470978
-0.0491485
-0.0512649
-0.0533944
-0.055515
-0.057627
-0.059738
-0.0618533
-0.0639736
-0.0660966
-0.0682195
-0.07034
-0.0724566
-0.0745681
-0.0766733
-0.078772
-0.0808625
-0.0412143
-0.043085
-0.0448539
-0.0467831
-0.0488817
-0.0510638
-0.0532574
-0.0554354
-0.0576015
-0.0597671
-0.0619394
-0.0641189
-0.0663026
-0.068487
-0.0706693
-0.0728475
-0.07502
-0.0771851
-0.0793445
-0.0814976
-0.0406302
-0.0425637
-0.0444148
-0.0464282
-0.0486067
-0.0508629
-0.0531271
-0.0553752
-0.0576132
-0.0598533
-0.0621021
-0.0643594
-0.0666217
-0.0688851
-0.071147
-0.0734056
-0.0756592
-0.0779065
-0.0801495
-0.082387
-0.0398912
-0.0419131
-0.0438766
-0.0460038
-0.048284
-0.0506298
-0.0529785
-0.0553131
-0.0576423
-0.0599778
-0.0623242
-0.06468
-0.067041
-0.0694036
-0.0717654
-0.0741244
-0.0764789
-0.0788268
-0.081172
-0.0835136
-0.0388593
-0.0410275
-0.0431914
-0.0454917
-0.0479006
-0.0503476
-0.0527917
-0.0552285
-0.0576688
-0.0601209
-0.0625857
-0.0650595
-0.0675379
-0.0700179
-0.0724975
-0.0749748
-0.0774477
-0.0799137
-0.0823794
-0.0848439
-0.037593
-0.0399443
-0.042362
-0.0448766
-0.0474365
-0.0499964
-0.0525479
-0.0551035
-0.0576751
-0.0602651
-0.0628683
-0.0654791
-0.0680934
-0.0707095
-0.0733263
-0.0759418
-0.0785524
-0.0811522
-0.0837549
-0.0863596
-0.036032
-0.0386168
-0.0413657
-0.0441455
-0.0468764
-0.049557
-0.0522262
-0.0549181
-0.0576426
-0.0603916
-0.0631524
-0.065917
-0.0686825
-0.0714491
-0.0742167
-0.0769841
-0.07975
-0.0825164
-0.0852831
-0.088047
-0.0341968
-0.0370581
-0.0401975
-0.0432804
-0.046198
-0.0490085
-0.05181
-0.0546594
-0.0575605
-0.060491
-0.0634295
-0.0663664
-0.0693014
-0.072237
-0.0751743
-0.0781125
-0.081051
-0.0839962
-0.0869412
-0.0898811
-0.0320739
-0.0352534
-0.0388377
-0.0422575
-0.0453771
-0.04833
-0.0512828
-0.0543141
-0.0574171
-0.0605522
-0.0636887
-0.066817
-0.0699401
-0.0730637
-0.0761897
-0.0793167
-0.0824434
-0.0855768
-0.0887122
-0.0918441
-0.0296717
-0.0332009
-0.0372699
-0.041055
-0.0443938
-0.0475058
-0.050632
-0.0538716
-0.0572025
-0.0605653
-0.0639202
-0.0672584
-0.0705877
-0.0739168
-0.0772484
-0.0805805
-0.083911
-0.0872498
-0.0905929
-0.0939338
-0.0269618
-0.0308748
-0.0354764
-0.0396609
-0.0432381
-0.0465262
-0.0498489
-0.0533244
-0.0569108
-0.0605256
-0.0641197
-0.067687
-0.0712412
-0.0747944
-0.0783497
-0.0819041
-0.0854546
-0.0890151
-0.0925824
-0.0961484
-0.0239301
-0.0282625
-0.0334474
-0.0380668
-0.0419017
-0.0453838
-0.048928
-0.0526697
-0.0565409
-0.0604328
-0.0642876
-0.0681039
-0.0719024
-0.075699
-0.0794965
-0.0832902
-0.0870758
-0.0908738
-0.0946815
-0.0984889
-0.020552
-0.0253451
-0.0311716
-0.0362655
-0.0403783
-0.0440734
-0.0478667
-0.0519077
-0.0560951
-0.0602901
-0.0644276
-0.0685132
-0.0725761
-0.076636
-0.0806947
-0.0847451
-0.08878
-0.0928306
-0.0968953
-0.100961
-0.0168055
-0.0221054
-0.0286384
-0.0342491
-0.0386613
-0.0425908
-0.0466648
-0.0510415
-0.0555782
-0.0601033
-0.0645463
-0.0689232
-0.0732732
-0.077618
-0.0819564
-0.0862764
-0.0905712
-0.0948893
-0.0992289
-0.103569
-0.012667
-0.0185239
-0.0258334
-0.0320065
-0.0367423
-0.0409323
-0.0453237
-0.0500765
-0.0549969
-0.0598782
-0.064648
-0.0693377
-0.0740005
-0.0786649
-0.0833281
-0.087964
-0.0925213
-0.0971153
-0.101739
-0.106357
-0.00811162
-0.0145776
-0.0227377
-0.0295227
-0.0346112
-0.0390944
-0.043847
-0.0490214
-0.0543628
-0.0596268
-0.0647418
-0.0697543
-0.0747252
-0.0796796
-0.0846167
-0.0895478
-0.0945501
-0.0995228
-0.104447
-0.109339
-0.0031133
-0.0102408
-0.0193287
-0.0267792
-0.0322547
-0.0370715
-0.0422379
-0.0478871
-0.0536928
-0.0593737
-0.0648679
-0.070246
-0.0755844
-0.0809101
-0.0862155
-0.0914916
-0.0967798
-0.102051
-0.107287
-0.112488
0.00235527
-0.00548813
-0.0155837
-0.0237548
-0.0296553
-0.0348544
-0.040498
-0.0466832
-0.0529999
-0.0591324
-0.0650363
-0.0708104
-0.0765401
-0.0822454
-0.0879094
-0.0935221
-0.0991438
-0.104753
-0.110326
-0.115854
0.00832084
-0.000299986
-0.0114841
-0.0204266
-0.02679
-0.0324295
-0.0386261
-0.0454157
-0.0522899
-0.0589061
-0.0652516
-0.0714575
-0.0776154
-0.0837346
-0.0897883
-0.095763
-0.10174
-0.107705
-0.113625
-0.119486
0.0148058
0.00533107
-0.00701966
-0.016771
-0.0236324
-0.0297841
-0.0366256
-0.0440937
-0.0515706
-0.0587042
-0.0655312
-0.0722161
-0.0788473
-0.0854162
-0.0918838
-0.0982356
-0.10459
-0.110931
-0.117212
-0.123411
0.0218257
0.0113987
-0.00218538
-0.0127599
-0.020154
-0.026911
-0.034506
-0.0427268
-0.050846
-0.058532
-0.0658883
-0.073107
-0.0802636
-0.0873317
-0.094262
-0.101017
-0.107777
-0.114508
-0.12115
-0.127685
0.0293869
0.0178885
0.00303127
-0.00835248
-0.0163259
-0.0238116
-0.0322811
-0.0413215
-0.0501167
-0.0583972
-0.0663396
-0.0741408
-0.0818427
-0.0894033
-0.0968042
-0.104118
-0.11137
-0.118504
-0.125497
-0.13236
0.0374795
0.0247951
0.00867614
-0.00348183
-0.0121141
-0.0204877
-0.029956
-0.0398691
-0.0493744
-0.0583116
-0.0669247
-0.075388
-0.0836966
-0.0917944
-0.0996904
-0.107583
-0.115339
-0.122897
-0.130262
-0.137466
0.046059
0.0321246
0.0148307
0.0019399
-0.00748176
-0.0169381
-0.0275253
-0.0383545
-0.0486182
-0.0583043
-0.0676974
-0.0769198
-0.085921
-0.0946404
-0.103086
-0.111478
-0.119726
-0.127742
-0.135511
-0.143068
0.0550248
0.0398714
0.0215911
0.00801625
-0.00236888
-0.0131158
-0.0249158
-0.036686
-0.0477697
-0.0583152
-0.0685965
-0.0786529
-0.088396
-0.0977694
-0.10681
-0.115799
-0.12461
-0.133117
-0.141306
-0.149227
0.0641709
0.0479459
0.028975
0.0147671
0.00318439
-0.00908595
-0.0221791
-0.0349289
-0.0469405
-0.0584907
-0.0697825
-0.0807833
-0.091406
-0.101593
-0.111267
-0.120859
-0.130207
-0.13917
-0.147763
-0.15605
0.0732012
0.0562209
0.0371002
0.0224119
0.00942553
-0.00450548
-0.0188726
-0.0326341
-0.0457146
-0.0584082
-0.0707762
-0.0827097
-0.0941359
-0.105122
-0.115968
-0.126461
-0.136412
-0.145844
-0.154862
-0.163537
0.081509
0.0638703
0.0452294
0.0301417
0.0154497
-0.000208684
-0.01581
-0.0307032
-0.0450568
-0.059066
-0.0726958
-0.0858476
-0.0984242
-0.110326
-0.121928
-0.133007
-0.143429
-0.15328
-0.162689
-0.171717
0.0894778
0.0719921
0.0549972
0.0394075
0.0230488
0.00605529
-0.0106231
-0.0267532
-0.0424706
-0.0577959
-0.0726598
-0.0870333
-0.100944
-0.11442
-0.127596
-0.139794
-0.150985
-0.161425
-0.171304
-0.180687
-0.0826113
-0.084638
-0.0866501
-0.0886464
-0.0906265
-0.0925897
-0.0945354
-0.0964627
-0.0983708
-0.100259
-0.102126
-0.103972
-0.105796
-0.107598
-0.109376
-0.11113
-0.112861
-0.114567
-0.116249
-0.11791
-0.0829425
-0.08501
-0.0870638
-0.0891029
-0.0911263
-0.0931329
-0.0951216
-0.0970913
-0.0990411
-0.10097
-0.102877
-0.104761
-0.106621
-0.108457
-0.110267
-0.112051
-0.113809
-0.11554
-0.117246
-0.118931
-0.0836418
-0.0857743
-0.0878927
-0.0899958
-0.0920826
-0.094152
-0.096203
-0.0982344
-0.100245
-0.102234
-0.104201
-0.106143
-0.108062
-0.109955
-0.111822
-0.113663
-0.115477
-0.117265
-0.11903
-0.120782
-0.0846159
-0.086833
-0.089036
-0.0912238
-0.0933955
-0.0955499
-0.0976861
-0.0998029
-0.101899
-0.103974
-0.106026
-0.108054
-0.110058
-0.112037
-0.113991
-0.115918
-0.117819
-0.119696
-0.121554
-0.123409
-0.0858475
-0.08817
-0.0904786
-0.0927721
-0.0950497
-0.0973105
-0.0995535
-0.101777
-0.103981
-0.106164
-0.108324
-0.110462
-0.112576
-0.114665
-0.116729
-0.118768
-0.120783
-0.122775
-0.124755
-0.126745
-0.0873021
-0.0897492
-0.0921825
-0.0946008
-0.0970037
-0.0993904
-0.10176
-0.104111
-0.106443
-0.108755
-0.111045
-0.113314
-0.115559
-0.117782
-0.119981
-0.122157
-0.12431
-0.126445
-0.128574
-0.130731
-0.0889595
-0.0915487
-0.0941243
-0.0966856
-0.0992322
-0.101764
-0.104279
-0.106777
-0.109257
-0.111717
-0.114158
-0.116578
-0.118978
-0.121356
-0.123713
-0.126048
-0.128365
-0.130666
-0.132972
-0.135325
-0.0908039
-0.0935504
-0.0962846
-0.0990059
-0.101714
-0.104407
-0.107086
-0.109749
-0.112395
-0.115024
-0.117635
-0.120227
-0.122801
-0.125355
-0.127891
-0.130408
-0.132911
-0.135404
-0.137911
-0.140488
-0.0928125
-0.0957336
-0.0986434
-0.101542
-0.104428
-0.107301
-0.110161
-0.113006
-0.115837
-0.118652
-0.121451
-0.124235
-0.127002
-0.129753
-0.132488
-0.135209
-0.137919
-0.140627
-0.143361
-0.146188
-0.0949682
-0.0980818
-0.101184
-0.104276
-0.107357
-0.110426
-0.113484
-0.116529
-0.119562
-0.122581
-0.125587
-0.12858
-0.131559
-0.134526
-0.137481
-0.140425
-0.143364
-0.146309
-0.149292
-0.152396
-0.097267
-0.100589
-0.103901
-0.107202
-0.110493
-0.113775
-0.117046
-0.120307
-0.123558
-0.126797
-0.130027
-0.133246
-0.136456
-0.139656
-0.142849
-0.146036
-0.149224
-0.152425
-0.15568
-0.159083
-0.0997064
-0.103253
-0.106788
-0.110313
-0.11383
-0.117338
-0.120838
-0.12433
-0.127814
-0.131289
-0.134757
-0.138219
-0.141674
-0.145125
-0.148573
-0.15202
-0.155475
-0.158952
-0.162499
-0.166223
-0.102287
-0.106072
-0.109846
-0.113609
-0.117364
-0.121113
-0.124855
-0.128591
-0.132321
-0.136047
-0.139768
-0.143486
-0.147202
-0.150917
-0.154635
-0.158358
-0.162096
-0.165867
-0.169724
-0.173788
-0.105014
-0.109053
-0.113077
-0.117091
-0.121098
-0.125099
-0.129096
-0.133088
-0.137077
-0.141064
-0.14505
-0.149037
-0.153027
-0.15702
-0.16102
-0.165031
-0.169065
-0.173142
-0.177323
-0.181743
-0.107892
-0.112195
-0.116483
-0.12076
-0.12503
-0.129296
-0.133558
-0.137818
-0.142076
-0.146334
-0.150595
-0.15486
-0.159132
-0.163414
-0.167709
-0.172021
-0.176363
-0.180756
-0.18527
-0.190055
-0.110954
-0.115529
-0.120088
-0.124637
-0.129179
-0.133717
-0.138251
-0.142785
-0.14732
-0.151859
-0.156402
-0.160952
-0.165512
-0.170085
-0.174677
-0.179296
-0.183955
-0.188677
-0.193534
-0.198689
-0.11421
-0.119064
-0.123904
-0.128732
-0.133553
-0.138368
-0.14318
-0.147991
-0.152806
-0.157627
-0.162458
-0.167301
-0.172158
-0.177029
-0.18192
-0.186836
-0.191803
-0.19685
-0.202056
-0.207586
-0.117659
-0.122805
-0.127934
-0.133048
-0.138154
-0.143253
-0.148348
-0.153443
-0.15854
-0.163642
-0.168753
-0.17388
-0.17903
-0.184206
-0.189411
-0.194641
-0.199914
-0.205265
-0.210793
-0.216684
-0.121338
-0.126786
-0.132209
-0.137614
-0.143005
-0.148389
-0.153767
-0.159147
-0.164529
-0.169918
-0.175313
-0.180716
-0.186134
-0.19158
-0.19707
-0.202612
-0.208216
-0.213897
-0.219744
-0.225959
-0.125287
-0.131041
-0.136761
-0.142457
-0.148133
-0.153797
-0.159449
-0.1651
-0.170752
-0.17642
-0.182099
-0.187799
-0.193504
-0.199218
-0.204945
-0.210721
-0.216584
-0.222575
-0.228765
-0.235315
-0.129532
-0.135594
-0.141611
-0.147598
-0.153557
-0.159499
-0.165419
-0.171333
-0.177232
-0.183142
-0.189054
-0.195011
-0.200992
-0.207023
-0.213051
-0.219092
-0.225147
-0.23132
-0.237733
-0.244584
-0.134125
-0.140493
-0.146804
-0.153074
-0.159305
-0.165513
-0.171693
-0.177868
-0.184015
-0.190168
-0.19628
-0.202422
-0.208547
-0.214776
-0.221043
-0.227431
-0.233805
-0.240246
-0.2468
-0.253808
-0.139115
-0.145785
-0.152382
-0.158922
-0.165405
-0.171854
-0.178261
-0.184666
-0.191038
-0.197443
-0.203794
-0.210186
-0.216459
-0.222799
-0.229046
-0.235523
-0.242043
-0.248857
-0.255704
-0.262935
-0.144538
-0.151503
-0.158375
-0.165171
-0.171889
-0.178554
-0.185153
-0.191731
-0.198251
-0.204816
-0.211329
-0.217973
-0.224501
-0.231174
-0.237542
-0.244082
-0.250346
-0.257128
-0.263962
-0.271514
-0.150454
-0.157702
-0.16483
-0.171856
-0.178785
-0.185638
-0.192406
-0.199123
-0.205748
-0.212368
-0.218877
-0.225513
-0.232038
-0.238919
-0.24555
-0.252609
-0.258989
-0.265871
-0.272183
-0.279725
-0.156929
-0.164448
-0.171806
-0.179025
-0.18612
-0.19311
-0.200001
-0.20682
-0.213543
-0.220221
-0.226746
-0.23328
-0.239562
-0.246116
-0.252378
-0.259479
-0.266013
-0.27368
-0.279991
-0.287766
-0.164073
-0.171855
-0.179419
-0.186791
-0.193993
-0.201049
-0.207978
-0.214807
-0.221547
-0.228239
-0.23484
-0.241426
-0.247769
-0.254155
-0.259979
-0.266367
-0.271955
-0.279443
-0.285469
-0.294263
-0.171895
-0.179949
-0.187718
-0.195227
-0.202505
-0.209578
-0.216473
-0.223213
-0.229831
-0.23636
-0.242837
-0.249323
-0.255779
-0.262328
-0.268541
-0.274953
-0.280182
-0.286744
-0.29106
-0.30007
-0.180377
-0.188681
-0.196639
-0.204271
-0.211601
-0.218652
-0.225449
-0.232013
-0.238368
-0.244534
-0.250552
-0.256464
-0.262355
-0.268337
-0.274449
-0.280943
-0.287133
-0.294164
-0.298666
-0.307398
-0.189592
-0.198039
-0.206061
-0.213673
-0.220887
-0.227724
-0.234206
-0.240359
-0.246202
-0.251755
-0.257034
-0.262056
-0.266865
-0.271519
-0.276192
-0.281098
-0.286469
-0.292909
-0.299195
-0.308621
-0.120629
-0.124414
-0.128207
-0.131961
-0.135618
-0.13913
-0.142437
-0.145479
-0.148179
-0.150458
-0.152213
-0.15335
-0.153747
-0.153309
-0.151912
-0.149473
-0.145873
-0.141064
-0.134966
-0.1276
-0.118952
-0.109143
-0.0982358
-0.0864567
-0.0739232
-0.0609154
-0.0475343
-0.0340282
-0.0204052
-0.00682872
-0.121709
-0.12558
-0.129445
-0.133259
-0.13697
-0.140536
-0.143894
-0.146988
-0.149732
-0.152049
-0.15383
-0.15498
-0.155369
-0.154907
-0.153464
-0.150956
-0.147264
-0.142339
-0.1361
-0.128576
-0.119755
-0.109769
-0.0986864
-0.0867481
-0.0740772
-0.0609661
-0.0475157
-0.0339817
-0.0203594
-0.00681255
-0.123698
-0.127748
-0.131755
-0.135685
-0.1395
-0.143167
-0.146627
-0.149818
-0.152651
-0.15504
-0.15687
-0.158041
-0.158424
-0.157917
-0.156389
-0.153752
-0.149883
-0.144736
-0.138232
-0.130406
-0.121257
-0.110933
-0.0995192
-0.0872785
-0.0743502
-0.0610441
-0.0474675
-0.0338807
-0.0202652
-0.00677645
-0.126524
-0.130828
-0.135038
-0.139135
-0.143101
-0.146916
-0.150522
-0.153855
-0.156816
-0.159309
-0.161212
-0.162418
-0.162786
-0.162214
-0.160562
-0.157737
-0.153613
-0.148144
-0.141255
-0.132992
-0.123367
-0.112554
-0.100664
-0.0879904
-0.0746961
-0.0611154
-0.047366
-0.0337118
-0.020116
-0.00671883
-0.130113
-0.134741
-0.139211
-0.143521
-0.14768
-0.151685
-0.155482
-0.158998
-0.162124
-0.164752
-0.16675
-0.167999
-0.168352
-0.167697
-0.165885
-0.162817
-0.158362
-0.152473
-0.145081
-0.136247
-0.126005
-0.114559
-0.102053
-0.0888229
-0.0750641
-0.0611406
-0.0471829
-0.0334574
-0.0199029
-0.00663715
-0.134406
-0.139421
-0.144202
-0.148769
-0.153163
-0.157399
-0.161428
-0.165169
-0.168498
-0.171294
-0.173409
-0.174715
-0.175052
-0.174296
-0.172289
-0.168923
-0.16406
-0.157653
-0.149641
-0.140103
-0.1291
-0.116875
-0.10362
-0.0897161
-0.0754028
-0.0610786
-0.0468885
-0.0330989
-0.019616
-0.00652813
-0.139354
-0.144818
-0.149958
-0.154823
-0.15949
-0.163998
-0.168301
-0.172309
-0.17588
-0.178876
-0.181134
-0.182511
-0.182832
-0.18196
-0.179725
-0.176005
-0.170656
-0.163631
-0.154877
-0.144498
-0.132587
-0.119441
-0.1053
-0.0906112
-0.075661
-0.0608884
-0.0464529
-0.0326167
-0.0192448
-0.00638813
-0.144917
-0.150886
-0.15643
-0.16163
-0.166608
-0.171428
-0.176049
-0.180366
-0.184219
-0.187451
-0.18988
-0.191346
-0.191653
-0.190653
-0.188157
-0.184028
-0.178113
-0.170365
-0.160744
-0.14938
-0.136412
-0.122194
-0.107035
-0.0914514
-0.075789
-0.0605299
-0.0458472
-0.0319921
-0.0187787
-0.00621366
-0.151059
-0.157586
-0.163575
-0.169145
-0.17447
-0.179642
-0.184624
-0.189295
-0.193474
-0.196981
-0.199613
-0.20119
-0.20149
-0.200351
-0.197562
-0.192969
-0.186405
-0.177825
-0.167203
-0.154706
-0.140523
-0.125081
-0.108767
-0.0921824
-0.0757393
-0.0599657
-0.0450454
-0.031208
-0.0182082
-0.00600164
-0.157748
-0.16488
-0.171351
-0.177324
-0.18303
-0.188595
-0.193982
-0.199055
-0.203606
-0.207431
-0.210304
-0.212025
-0.212323
-0.211037
-0.207927
-0.202813
-0.195514
-0.185987
-0.174224
-0.160435
-0.144873
-0.128048
-0.110443
-0.0927531
-0.0754678
-0.0591618
-0.0440243
-0.0302492
-0.017525
-0.00574955
-0.164951
-0.172732
-0.179715
-0.18612
-0.19224
-0.198238
-0.204079
-0.209605
-0.214579
-0.218768
-0.221922
-0.223841
-0.224134
-0.222704
-0.219247
-0.213554
-0.205431
-0.194836
-0.181785
-0.166537
-0.149421
-0.131049
-0.112012
-0.0931158
-0.0749343
-0.0580885
-0.0427641
-0.0291032
-0.0167228
-0.00545551
-0.172638
-0.181102
-0.188623
-0.195483
-0.20205
-0.208524
-0.214869
-0.220905
-0.226359
-0.230961
-0.234419
-0.23643
-0.236897
-0.235348
-0.231522
-0.225194
-0.216153
-0.204362
-0.189866
-0.172983
-0.15413
-0.134038
-0.113428
-0.0932265
-0.074103
-0.0567206
-0.0412491
-0.0277607
-0.0157974
-0.00511839
-0.180773
-0.189947
-0.198025
-0.20536
-0.212403
-0.219397
-0.226304
-0.232912
-0.238914
-0.244001
-0.247854
-0.250175
-0.250675
-0.248983
-0.244758
-0.237734
-0.22768
-0.21456
-0.198454
-0.179748
-0.158967
-0.136975
-0.114646
-0.0930457
-0.0729433
-0.055038
-0.0394676
-0.0262155
-0.0147468
-0.00473771
-0.189319
-0.19922
-0.207863
-0.215687
-0.223237
-0.230798
-0.238328
-0.24558
-0.252205
-0.257854
-0.26217
-0.264821
-0.265428
-0.263607
-0.258961
-0.251183
-0.240015
-0.225427
-0.207538
-0.186814
-0.163901
-0.139821
-0.115627
-0.0925381
-0.0714299
-0.0530257
-0.0374121
-0.0244649
-0.0135713
-0.00431369
-0.198232
-0.208864
-0.218071
-0.226393
-0.23448
-0.242661
-0.250883
-0.25886
-0.266192
-0.272485
-0.277341
-0.280377
-0.28115
-0.27922
-0.274137
-0.265544
-0.25316
-0.23696
-0.21711
-0.194162
-0.168904
-0.142542
-0.116335
-0.0916735
-0.0695438
-0.0506739
-0.0350799
-0.0225097
-0.0122732
-0.00384714
-0.207463
-0.218815
-0.228574
-0.237399
-0.246054
-0.254913
-0.263906
-0.272697
-0.280831
-0.287864
-0.293347
-0.296842
-0.297839
-0.295827
-0.290292
-0.280826
-0.267121
-0.249161
-0.227162
-0.201775
-0.173951
-0.145104
-0.116739
-0.0904266
-0.0672714
-0.0479779
-0.0324724
-0.0203544
-0.0108572
-0.00333938
-0.216953
-0.228997
-0.239284
-0.248612
-0.257872
-0.267477
-0.277333
-0.287039
-0.296081
-0.303959
-0.31017
-0.314212
-0.315497
-0.313434
-0.307435
-0.297035
-0.281902
-0.26203
-0.237689
-0.209638
-0.179015
-0.147476
-0.116808
-0.0887773
-0.064605
-0.0449378
-0.0295957
-0.0180065
-0.00932953
-0.00279221
-0.226625
-0.239319
-0.2501
-0.259932
-0.269841
-0.280276
-0.291098
-0.301834
-0.311901
-0.320743
-0.327798
-0.332486
-0.334131
-0.33205
-0.325575
-0.31418
-0.297511
-0.275572
-0.248688
-0.217737
-0.184072
-0.149631
-0.116518
-0.0867104
-0.0615424
-0.0415586
-0.0264601
-0.0154762
-0.0076981
-0.00220779
-0.236408
-0.249678
-0.260907
-0.271247
-0.281865
-0.29323
-0.305139
-0.317031
-0.328255
-0.338196
-0.346223
-0.351664
-0.353749
-0.351688
-0.344722
-0.33227
-0.313958
-0.289793
-0.260159
-0.22606
-0.189101
-0.151541
-0.115847
-0.0842161
-0.058086
-0.0378492
-0.0230797
-0.0127764
-0.00597219
-0.00158853
-0.246213
-0.25996
-0.271578
-0.282438
-0.293846
-0.306262
-0.319393
-0.332582
-0.345111
-0.356302
-0.365442
-0.371751
-0.374356
-0.372355
-0.364884
-0.351309
-0.331248
-0.304699
-0.272101
-0.234596
-0.194082
-0.153181
-0.114778
-0.081289
-0.054243
-0.0338229
-0.0194721
-0.00992193
-0.00416217
-0.000937045
-0.255902
-0.270017
-0.281961
-0.293375
-0.305684
-0.319294
-0.333791
-0.348429
-0.362429
-0.375037
-0.385441
-0.392734
-0.395941
-0.394036
-0.386048
-0.371295
-0.349383
-0.320293
-0.284513
-0.243334
-0.198994
-0.154531
-0.113299
-0.0779289
-0.0500248
-0.0294965
-0.0156578
-0.00692896
-0.0022793
-0.000256034
-0.265354
-0.279666
-0.29188
-0.303923
-0.317277
-0.332231
-0.348238
-0.364484
-0.380132
-0.394332
-0.406145
-0.414529
-0.418403
-0.41663
-0.408133
-0.392174
-0.368336
-0.33656
-0.297385
-0.252261
-0.203821
-0.155571
-0.1114
-0.0741398
-0.0454465
-0.0248899
-0.0116594
-0.00381504
-0.000335419
0.000451766
-0.274458
-0.288698
-0.301136
-0.313937
-0.328503
-0.344938
-0.362586
-0.380597
-0.398066
-0.414015
-0.42736
-0.43692
-0.441508
-0.439885
-0.430905
-0.413759
-0.387982
-0.353427
-0.31068
-0.26135
-0.208543
-0.156282
-0.109078
-0.0699302
-0.0405273
-0.0200263
-0.00750148
-0.000598499
0.00165725
0.00118363
-0.282929
-0.296831
-0.309507
-0.323254
-0.339186
-0.357192
-0.37658
-0.39649
-0.415915
-0.433728
-0.448681
-0.459458
-0.464763
-0.463298
-0.4539
-0.435663
-0.408027
-0.3707
-0.324289
-0.270546
-0.213133
-0.156651
-0.106338
-0.0653144
-0.0352911
-0.0149322
-0.00321003
0.00270155
0.00368632
0.0019368
-0.2904
-0.303661
-0.316748
-0.331671
-0.349043
-0.368628
-0.389798
-0.411668
-0.433086
-0.45277
-0.469314
-0.481277
-0.48726
-0.48598
-0.476304
-0.457189
-0.427926
-0.387998
-0.337981
-0.279729
-0.21754
-0.156658
-0.103189
-0.0603118
-0.0297661
-0.00963686
0.0011879
0.00606542
0.00573941
0.00270845
-0.296482
-0.308781
-0.322628
-0.338901
-0.357636
-0.378709
-0.401614
-0.425374
-0.448664
-0.470073
-0.488073
-0.501135
-0.507762
-0.506757
-0.497017
-0.47736
-0.446874
-0.404723
-0.351369
-0.288688
-0.22168
-0.156287
-0.0996558
-0.0549555
-0.0239906
-0.00417545
0.00566322
0.00947236
0.00780406
0.00349548
-0.30028
-0.311835
-0.326921
-0.344505
-0.36436
-0.386758
-0.411254
-0.436705
-0.461627
-0.48453
-0.503783
-0.51782
-0.525115
-0.524542
-0.514978
-0.495172
-0.463968
-0.420148
-0.363937
-0.297128
-0.22542
-0.155499
-0.095758
-0.0492782
-0.0180056
0.00141384
0.0101857
0.0129008
0.00986786
0.00429429
-0.301061
-0.312615
-0.329333
-0.347906
-0.368602
-0.392169
-0.418072
-0.444993
-0.471353
-0.495596
-0.515988
-0.530944
-0.538914
-0.538899
-0.529673
-0.510026
-0.47854
-0.433624
-0.375155
-0.304729
-0.228641
-0.154309
-0.0915698
-0.0433524
-0.0118746
0.00708212
0.0147213
0.0163276
0.0119187
0.00510094
-0.299543
-0.311447
-0.32961
-0.348868
-0.370351
-0.395018
-0.422165
-0.450392
-0.478077
-0.503584
-0.525068
-0.540949
-0.549536
-0.550133
-0.541285
-0.521962
-0.490446
-0.444855
-0.384632
-0.311137
-0.23109
-0.152599
-0.0870762
-0.0372112
-0.00564984
0.0127805
0.0192351
0.0197285
0.0139454
0.00591265
-0.298183
-0.310111
-0.328821
-0.34892
-0.371456
-0.397191
-0.42539
-0.454701
-0.483469
-0.509955
-0.532233
-0.548721
-0.557954
-0.558759
-0.550159
-0.531203
-0.499826
-0.453951
-0.392509
-0.316602
-0.233117
-0.150736
-0.0825648
-0.0310312
0.000568011
0.0184492
0.0236876
0.0230708
0.0159266
0.00672158
-0.309982
-0.316468
-0.332003
-0.352162
-0.37527
-0.401596
-0.430279
-0.459917
-0.488838
-0.515299
-0.537398
-0.553589
-0.562341
-0.563089
-0.554364
-0.535495
-0.504208
-0.458332
-0.396429
-0.31932
-0.233808
-0.148739
-0.0787013
-0.0258444
0.00572385
0.0231395
0.0273597
0.0258258
0.0175524
0.0073924
-0.310378
-0.3208
-0.33737
-0.358666
-0.382716
-0.409774
-0.438923
-0.468706
-0.497421
-0.523304
-0.5445
-0.559578
-0.567273
-0.566733
-0.556961
-0.537198
-0.504959
-0.458071
-0.394929
-0.316522
-0.229623
-0.143307
-0.0728931
-0.0200588
0.0107384
0.0272909
0.0304691
0.028077
0.0188642
0.00793209
-0.312668
-0.325462
-0.342817
-0.364766
-0.389506
-0.417082
-0.446506
-0.47628
-0.50468
-0.529947
-0.550279
-0.564346
-0.570904
-0.56935
-0.55859
-0.537885
-0.50453
-0.456357
-0.391586
-0.311548
-0.223114
-0.135955
-0.0656621
-0.0134418
0.0161904
0.0316019
0.03362
0.0303071
0.0201568
0.00846561
-0.315663
-0.330147
-0.34835
-0.370947
-0.396336
-0.424352
-0.453943
-0.483578
-0.511526
-0.536044
-0.555409
-0.568393
-0.573952
-0.5713
-0.559601
-0.538048
-0.503713
-0.454436
-0.388217
-0.306757
-0.216899
-0.128934
-0.0586903
-0.00699753
0.0215384
0.0358484
0.0367333
0.0325141
0.0214426
0.00900086
-0.319174
-0.334957
-0.353975
-0.377126
-0.403049
-0.431382
-0.461013
-0.490396
-0.517801
-0.541511
-0.559884
-0.571786
-0.5762
-0.572608
-0.560001
-0.537597
-0.502287
-0.451949
-0.384384
-0.301716
-0.210656
-0.122049
-0.0519138
-0.000721106
0.0267582
0.0400106
0.0397972
0.0346929
0.0227171
0.00953519
-0.32315
-0.339834
-0.359557
-0.383154
-0.409484
-0.438007
-0.46756
-0.496587
-0.523372
-0.546232
-0.563614
-0.574463
-0.577844
-0.57329
-0.559799
-0.536534
-0.500228
-0.448806
-0.379919
-0.296158
-0.204049
-0.115007
-0.0451177
0.0054986
0.031895
0.0440943
0.042805
0.0368309
0.0239705
0.010064
-0.327407
-0.344626
-0.364931
-0.388866
-0.415474
-0.444063
-0.473428
-0.502018
-0.528137
-0.550143
-0.566565
-0.576418
-0.578833
-0.573371
-0.559032
-0.534906
-0.497581
-0.445077
-0.37491
-0.290173
-0.197146
-0.107863
-0.0383338
0.0116293
0.0369224
0.0480746
0.0457361
0.038911
0.0251932
0.0105834
-0.33171
-0.349148
-0.369915
-0.394085
-0.420844
-0.449386
-0.478478
-0.506577
-0.532014
-0.553195
-0.568719
-0.577655
-0.579187
-0.572889
-0.557734
-0.532742
-0.494386
-0.440812
-0.369427
-0.283846
-0.190055
-0.100726
-0.0316568
0.0175933
0.0417851
0.0519126
0.0485643
0.0409158
0.0263761
0.0110894
-0.335761
-0.353222
-0.374336
-0.398638
-0.425437
-0.453843
-0.482603
-0.510186
-0.534958
-0.555368
-0.570078
-0.578199
-0.578954
-0.571883
-0.55594
-0.530078
-0.490692
-0.436059
-0.363529
-0.277239
-0.182846
-0.0936714
-0.0251573
0.0233256
0.0464325
0.0555706
0.0512637
0.0428275
0.0275093
0.0115778
-0.339275
-0.356696
-0.378051
-0.402388
-0.429138
-0.457338
-0.485732
-0.512806
-0.536979
-0.556671
-0.570677
-0.578093
-0.578157
-0.570391
-0.553714
-0.527034
-0.486516
-0.430877
-0.357294
-0.270428
-0.175597
-0.0867697
-0.0188968
0.0287688
0.0508191
0.0590136
0.0538089
0.0446281
0.0285827
0.0120438
-0.342123
-0.359409
-0.380951
-0.405255
-0.431914
-0.459852
-0.487861
-0.514444
-0.538043
-0.557157
-0.57056
-0.57738
-0.576857
-0.56846
-0.551082
-0.523458
-0.482096
-0.425434
-0.350785
-0.263509
-0.168404
-0.0801013
-0.0129407
0.0338659
0.0549018
0.0622083
0.0561753
0.0463002
0.0295862
0.0124827
-0.344226
-0.361337
-0.382968
-0.407199
-0.43368
-0.461361
-0.489014
-0.515161
-0.538275
-0.556887
-0.569803
-0.576137
-0.575122
-0.566166
-0.548129
-0.519637
-0.477291
-0.419565
-0.344329
-0.256577
-0.161374
-0.0737526
-0.00735667
0.0385618
0.0586398
0.0651234
0.0583396
0.0478274
0.0305103
0.0128898
-0.345151
-0.362522
-0.384123
-0.408248
-0.43455
-0.46196
-0.489277
-0.515039
-0.53775
-0.555963
-0.5685
-0.574452
-0.573033
-0.56358
-0.544927
-0.515604
-0.472323
-0.41365
-0.337679
-0.249862
-0.154609
-0.0678105
-0.00221102
0.0428063
0.0619974
0.0677317
0.0602816
0.0491955
0.0313464
0.0132608
-0.34538
-0.362948
-0.38451
-0.4085
-0.43461
-0.461762
-0.488778
-0.514215
-0.536603
-0.554512
-0.566766
-0.572431
-0.57068
-0.560798
-0.541577
-0.511464
-0.467323
-0.407801
-0.331236
-0.243155
-0.148385
-0.0623617
0.00243392
0.0465565
0.0649466
0.0700115
0.061985
0.0503932
0.0320872
0.0135916
-0.345016
-0.362754
-0.384255
-0.408106
-0.434028
-0.460939
-0.487694
-0.512866
-0.535003
-0.552689
-0.564746
-0.570206
-0.568125
-0.557937
-0.538206
-0.507365
-0.462443
-0.402171
-0.325147
-0.236924
-0.142594
-0.0575123
0.00652124
0.0497795
0.0674674
0.0719483
0.0634387
0.051413
0.0327272
0.0138788
-0.344241
-0.36212
-0.383546
-0.407262
-0.433008
-0.459705
-0.486241
-0.511199
-0.53315
-0.55068
-0.562607
-0.567936
-0.565701
-0.555142
-0.534966
-0.503476
-0.457874
-0.396961
-0.319576
-0.231334
-0.137421
-0.0533344
0.0100008
0.0524547
0.06955
0.0735365
0.0646378
0.0522521
0.0332622
0.0141199
-0.343266
-0.361256
-0.382599
-0.406195
-0.431785
-0.458299
-0.484658
-0.509452
-0.531269
-0.548694
-0.560539
-0.565788
-0.563441
-0.552592
-0.532035
-0.499993
-0.453826
-0.392389
-0.314736
-0.226533
-0.133082
-0.0498623
0.0128295
0.0545745
0.071194
0.0747795
0.065583
0.0529116
0.0336903
0.0143132
-0.342305
-0.360373
-0.381638
-0.405134
-0.430599
-0.456969
-0.483192
-0.507865
-0.52959
-0.546949
-0.558748
-0.563953
-0.5615
-0.550458
-0.529603
-0.497124
-0.450521
-0.388683
-0.310843
-0.222703
-0.129686
-0.0471844
0.0149762
0.0561439
0.0724079
0.0756888
0.0662802
0.0533967
0.0340108
0.014458
-0.341546
-0.359661
-0.380868
-0.404292
-0.429667
-0.455936
-0.482068
-0.506661
-0.528328
-0.545649
-0.557423
-0.562609
-0.5601
-0.548915
-0.527854
-0.495073
-0.448171
-0.38606
-0.308104
-0.220025
-0.127341
-0.0453649
0.0164182
0.0571767
0.0732053
0.0762811
0.0667379
0.0537143
0.0342238
0.0145543
-0.34113
-0.359266
-0.380441
-0.403827
-0.429156
-0.455374
-0.481459
-0.506012
-0.527652
-0.544954
-0.556719
-0.561897
-0.55936
-0.548104
-0.526937
-0.494
-0.446947
-0.384698
-0.306685
-0.218644
-0.126142
-0.0444443
0.0171426
0.0576881
0.0735997
0.0765724
0.0669643
0.0538712
0.0343301
0.0146022
)
;

boundaryField
{
    inlet
    {
        type            zeroGradient;
    }
    outlet
    {
        type            fixedValue;
        value           uniform 0;
    }
    cylinder
    {
        type            zeroGradient;
    }
    top
    {
        type            symmetryPlane;
    }
    bottom
    {
        type            symmetryPlane;
    }
    defaultFaces
    {
        type            empty;
    }
}


// ************************************************************************* //
